5.0000000000000000e-01 5.9999999999999998e-01 5.0000000000000000e-01 5.7499999999999996e-01
5.0000122055412122e-01 6.0010007356840833e-01 5.0000091626192500e-01 5.7507510142258278e-01
5.0000976085763726e-01 6.0040000533321891e-01 5.0000732740976728e-01 5.7530018871788746e-01
5.0003292279178713e-01 6.0089892932536559e-01 5.0002471490767608e-01 5.7567461160889821e-01
5.0007797254118969e-01 6.0159540510082976e-01 5.0005853340609596e-01 5.7619728843284246e-01
5.0015212284467125e-01 6.0248742198736038e-01 5.0011419740942975e-01 5.7686670933211526e-01
5.0026251536481614e-01 6.0357240501008613e-01 5.0019706803293307e-01 5.7768094070669040e-01
5.0041620321540647e-01 6.0484722247630995e-01 5.0031243987828344e-01 5.7863763091319753e-01
5.0062013368557079e-01 6.0630819519426105e-01 5.0046552805699718e-01 5.7973401719170381e-01
5.0088113119903166e-01 6.0795110729516555e-01 5.0066145539054907e-01 5.8096693379716058e-01
5.0120588054631876e-01 6.0977121862268135e-01 5.0090523981565804e-01 5.8233282130848563e-01
5.0160091042722099e-01 6.1176327864856139e-01 5.0120178202274857e-01 5.8382773708435276e-01
5.0207257734006316e-01 6.1392154186837589e-01 5.0155585335508834e-01 5.8544736683097787e-01
5.0262704985363271e-01 6.1623978462625129e-01 5.0197208399552606e-01 5.8718703724352539e-01
5.0327029329673911e-01 6.1871132331289791e-01 5.0245495146712094e-01 5.8904172967923873e-01
5.0400805489947054e-01 6.2132903387670524e-01 5.0300876947326512e-01 5.9100609481702027e-01
5.0484584941921873e-01 6.2408537258341468e-01 5.0363767710215290e-01 5.9307446825497490e-01
5.0578894528347618e-01 6.2697239795582893e-01 5.0434562841964803e-01 5.9524088699439059e-01
5.0684235128027322e-01 6.2998179382122066e-01 5.0513638247374548e-01 5.9749910675577234e-01
5.0801080382591857e-01 6.3310489339055920e-01 5.0601349373291937e-01 5.9984262006988243e-01
5.0929875483843601e-01 6.3633270429039857e-01 5.0698030297969288e-01 6.0226467508428216e-01
5.1071036024375738e-01 6.3965593446528091e-01 5.0803992867976222e-01 6.0475829502361877e-01
5.1224946914034208e-01 6.4306501886580747e-01 5.0919525884596450e-01 6.0731629823987421e-01
5.1391961364644057e-01 6.4655014683512912e-01 5.1044894341528424e-01 6.0993131878698781e-01
5.1572399945272385e-01 6.5010129010451889e-01 5.1180338715596896e-01 6.1259582745269825e-01
5.1766549710144205e-01 6.5370823130691491e-01 5.1326074312065395e-01 6.1530215317911086e-01
5.1974663401168342e-01 6.5736059291586524e-01 5.1482290666019659e-01 6.1804250480241396e-01
5.2196958726865739e-01 6.6104786651618697e-01 5.1649151001168436e-01 6.2080899304131432e-01
5.2433617719325076e-01 6.6475944231184836e-01 5.1826791747281886e-01 6.2359365266317279e-01
5.2684786170638331e-01 6.6848463877612219e-01 5.2015322117358398e-01 6.2638846475646859e-01
5.2950573150094538e-01 6.7221273234892898e-01 5.2214823745479533e-01 6.2918537903812544e-01
5.3231050603231878e-01 6.7593298708648619e-01 5.2425350386178837e-01 6.3197633612438919e-01
5.3526253033668436e-01 6.7963468416891759e-01 5.2646927676015098e-01 6.3475328969434741e-01
5.3836177268449736e-01 6.8330715117233642e-01 5.2879552957903442e-01 6.3750822847583166e-01
5.4160782307467170e-01 6.8693979101310432e-01 5.3123195168619564e-01 6.4023319798433975e-01
5.4499989257316739e-01 6.9052211047347589e-01 5.3377794789753463e-01 6.4292032194675108e-01
5.4853681349781480e-01 6.9404374821965997e-01 5.3643263862248936e-01 6.4556182334297696e-01
5.5221704044934816e-01 6.9749450222545262e-01 5.3919486064525401e-01 6.4815004500029305e-01
5.5603865218675697e-01 7.0086435651702961e-01 5.4206316854038439e-01 6.5067746967692475e-01
5.5999935434320769e-01 7.0414350715719143e-01 5.4503583671995792e-01 6.5313673957349883e-01
5.6409648297693549e-01 7.0732238739035147e-01 5.4811086210806359e-01 6.5552067521322854e-01
5.6832700894966937e-01 7.1039169187281170e-01 5.5128596743701686e-01 6.5782229363414602e-01
5.7268754312333170e-01 7.1334239991638548e-01 5.5455860515832234e-01 6.6003482583934381e-01
5.7717434236395171e-01 7.1616579767717226e-01 5.5792596196005795e-01 6.6215173345400502e-01
5.8178331633995439e-01 7.1885349922527153e-01 5.6138496388101067e-01 6.6416672454099435e-01
5.8651003510023869e-01 7.2139746643540970e-01 5.6493228201058709e-01 6.6607376852993649e-01
5.9134973741574071e-01 7.2379002764283018e-01 5.6856433876222456e-01 6.6786711021799883e-01
5.9629733986649480e-01 7.2602389501336806e-01 5.7227731470676968e-01 6.6954128280403147e-01
6.0134744665456652e-01 7.2809218058134162e-01 5.7606715595105373e-01 6.7109111992126480e-01
6.0649436012162838e-01 7.2998841091376354e-01 5.7992958204569356e-01 6.7251176663742684e-01
7.1886934659607094e-01 7.2584714316702237e-01 6.6423981422098621e-01 6.6934865232190088e-01
7.2434150357279514e-01 7.2344684889192024e-01 6.6834403457932656e-01 6.6754466059883732e-01
7.2973714461918049e-01 7.2084806283738079e-01 6.7239069378883420e-01 6.6559176616783655e-01
7.3504772757594461e-01 7.1805453046772061e-01 6.7637338054104490e-01 6.6349278635904219e-01
7.4026479469497852e-01 7.1507033417948673e-01 6.8028574720767065e-01 6.6125079121968322e-01
7.4537999043646241e-01 7.1189987505007468e-01 6.8412152320602337e-01 6.5886908979186132e-01
7.5038507906664487e-01 7.0854785386258190e-01 6.8787452821401551e-01 6.5635121584776335e-01
7.5527196201781543e-01 7.0501925148296829e-01 6.9153868520582840e-01 6.5370091313950796e-01
7.6003269497250681e-01 7.0131930866724601e-01 6.9510803327972548e-01 6.5092212022206630e-01
7.6465950463457077e-01 6.9745350537776862e-01 6.9857674024994398e-01 6.4801895490870931e-01
7.6914480515044970e-01 6.9342753968873694e-01 7.0193911497510886e-01 6.4499569841921556e-01
7.7348121414472826e-01 6.8924730636178111e-01 7.0518961939618863e-01 6.4185677928162443e-01
7.7766156833489042e-01 6.8491887517291328e-01 7.0832288025764778e-01 6.3860675704864223e-01
7.8167893869112803e-01 6.8044846907227063e-01 7.1133370048613875e-01 6.3525030588989762e-01
7.8552664510803405e-01 6.7584244225789436e-01 7.1421707020182845e-01 6.3179219812110565e-01
7.8919827055608627e-01 6.7110725824430351e-01 7.1696817733825280e-01 6.2823728773082887e-01
7.9268767468195955e-01 6.6624946800584706e-01 7.1958241784745280e-01 6.2459049396493316e-01
7.9598900682790874e-01 6.6127568827373417e-01 7.2205540546804836e-01 6.2085678502802122e-01
7.9909671844173769e-01 6.5619258006428027e-01 7.2438298103486387e-01 6.1704116196008874e-01
8.0200557485019641e-01 6.5100682751425443e-01 7.2656122130972323e-01 6.1314864274540759e-01
8.0471066637004596e-01 6.4572511709728619e-01 7.2858644731407751e-01 6.0918424670918403e-01
8.0720741873247603e-01 6.4035411729309999e-01 7.3045523214522012e-01 6.0515297925588596e-01
8.0949160279806076e-01 6.3490045877889767e-01 7.3216440825897278e-01 6.0105981700128974e-01
8.1155934354099490e-01 6.2937071520950649e-01 7.3371107420289705e-01 5.9690969334826149e-01
8.1340712828294404e-01 6.2377138464999349e-01 7.3509260078528293e-01 5.9270748455408617e-01
8.1503181415849291e-01 6.1810887172128137e-01 7.3630663666640828e-01 5.8845799633477724e-01
8.1643063479584899e-01 6.1238947051595327e-01 7.3735111335982195e-01 5.8416595104927493e-01
8.1760120619818089e-01 6.0661934833787112e-01 7.3822424963269850e-01 5.7983597550376276e-01
8.1854153181271938e-01 6.0080453031550252e-01 7.3892455529562773e-01 5.7547258941351820e-01
8.1925000677652471e-01 5.9495088493494963e-01 7.3945083437353754e-01 5.7108019455678383e-01
8.1972542132962856e-01 5.8906411053463037e-01 7.3980218765080741e-01 5.6666306465209448e-01
8.1996696338807762e-01 5.8314972279937793e-01 7.3997801458499679e-01 5.6222533598735469e-01
8.1997422027125022e-01 5.7721304328743728e-01 7.3997801458499679e-01 5.5777099882572934e-01
8.1974717957966203e-01 5.7125918901943917e-01 7.3980218765080741e-01 5.5330388961010535e-01
8.1928622922134142e-01 5.6529306315396655e-01 7.3945083437353754e-01 5.4882768398451942e-01
8.1859215658671491e-01 5.5931934676978923e-01 7.3892455529562773e-01 5.4434589064753791e-01
8.1766614687381178e-01 5.5334249177026895e-01 7.3822424963269850e-01 5.3986184604912979e-01
8.1650978056744994e-01 5.4736671492082878e-01 7.3735111335982195e-01 5.3537870993911363e-01
8.1512503007792358e-01 5.4139599302577190e-01 7.3630663666640828e-01 5.3089946177179026e-01
8.1351425554654844e-01 5.3543405924613030e-01 7.3509260078528293e-01 5.2642689796791409e-01
8.1168019982724715e-01 5.2948440055565071e-01 7.3371107420289705e-01 5.2196363003171820e-01
8.0962598265515484e-01 5.2355025632749730e-01 7.3216440825897278e-01 5.1751208351730282e-01
8.0735509401501515e-01 5.1763461803978483e-01 7.3045523214522012e-01 5.1307449783534531e-01
8.0487138672387226e-01 5.1174023008367198e-01 7.2858644731407751e-01 5.0865292688779307e-01
8.0217906824430263e-01 5.0586959165345957e-01 7.2656122130972323e-01 5.0424924051498088e-01
7.9928269174609468e-01 5.0002495969396199e-01 7.2438298103486387e-01 4.9986512673648109e-01
7.9618714643594557e-01 4.9420835287638115e-01 7.2205540546804847e-01 4.9550209476395723e-01
7.9289764717633315e-01 4.8842155657000952e-01 7.1958241784745292e-01 4.9116147876136573e-01
7.8941972341628430e-01 4.8266612877335546e-01 7.1696817733825280e-01 4.8684444232504448e-01
7.8575920745826155e-01 4.7694340696471410e-01 7.1421707020182845e-01 4.8255198365354890e-01
7.8192222208684292e-01 4.7125451582883238e-01 7.1133370048613864e-01 4.7828494137456490e-01
7.7791516758626500e-01 4.6560037581313674e-01 7.0832288025764778e-01 4.7404400099384147e-01
7.7374470817523688e-01 4.5998171246402403e-01 7.0518961939618863e-01 4.6982970192886098e-01
7.6941775788870226e-01 4.5439906649097006e-01 7.0193911497510886e-01 4.6564244508790481e-01
7.6494146593744172e-01 4.4885280450369558e-01 6.9857674024994398e-01 4.6148250095329207e-01
7.6032320157754141e-01 4.4334313036535367e-01 6.9510803327972548e-01 4.5735001812585951e-01
7.5557053852282718e-01 4.3787009710267705e-01 6.9153868520582840e-01 4.5324503228623880e-01
7.5069123893436407e-01 4.3243361931225083e-01 6.8787452821401551e-01 4.4916747552716074e-01
7.4569323702203616e-01 4.2703348600056590e-01 6.8412152320602337e-01 4.4511718600988637e-01
7.4058462229407773e-01 4.2166937379426178e-01 6.8028574720767065e-01 4.4109391789693808e-01
7.3537362249118199e-01 4.1634086045599045e-01 6.7637338054104501e-01 4.3709735151257495e-01
7.3006858624251292e-01 4.1104743864062887e-01 6.7239069378883420e-01 4.3312710368193547e-01
7.2467796548153829e-01 4.0578852982613389e-01 6.6834403457932656e-01 4.2918273819945435e-01
7.1921029766013356e-01 4.0056349835317573e-01 6.6423981422098610e-01 4.2526377637704649e-01
7.1367418779983627e-01 3.9537166550779884e-01 6.6008449421584370e-01 4.2136970762264825e-01
7.0807829041948667e-01 3.9021232358174490e-01 6.5588457268119904e-01 4.1750000000000009e-01
7.0243129137875182e-01 3.8508474984572350e-01 6.5164657070932952e-01 4.1365411072105496e-01
6.9674188967721429e-01 3.7998822037183422e-01 6.4737701869503572e-01 4.0983149652309525e-01
6.9101877924879274e-01 3.7492202364251836e-01 6.4308244266091108e-01 4.0603162388352887e-01
6.8527063079127060e-01 3.6988547388484655e-01 6.3876935061023565e-01 4.0225397902642018e-01
6.7950607367062199e-01 3.6487792407062314e-01 6.3444421893731828e-01 3.9849807767607659e-01
6.7373367793965833e-01 3.5989877852470109e-01 6.3011347892498737e-01 3.9476347451445593e-01
6.6796193651025892e-01 3.5494750508603889e-01 6.2578350335873212e-01 3.9104977230077703e-01
6.6219924751810555e-01 3.5002364676839570e-01 6.2146059328673409e-01 3.8735663061349768e-01
6.5645389691841549e-01 3.4512683287012524e-01 6.1715096495470811e-01 3.8368377417675981e-01
6.5073404135065172e-01 3.4025678948529625e-01 6.1286073694407939e-01 3.8003100073549023e-01
6.4504769130959372e-01 3.3541334937131695e-01 6.0859591754157216e-01 3.7639818844556405e-01
6.3940269465947286e-01 3.3059646113136298e-01 6.0436239236777778e-01 3.7278530274779864e-01
6.3380672052711962e-01 3.2580619767318786e-01 6.0016591229168958e-01 3.6919240269700548e-01
6.2826724360922881e-01 3.2104276390931868e-01 5.9601208165756425e-01 3.6561964671991809e-01
6.2279152892793577e-01 3.1630650366719371e-01 5.9190634684977794e-01 3.6206729777848051e-01
6.1738661706790821e-01 3.1159790578146362e-01 5.8785398522059673e-01 3.5853572791774602e-01
6.1205930992708990e-01 3.0691760934444678e-01 5.8386009440498177e-01 3.5502542218046912e-01
6.0681615701210623e-01 3.0226640809457300e-01 5.7992958204569356e-01 3.5153698187336796e-01
6.0166344230813396e-01 2.9764525392656638e-01 5.7606715595105362e-01 3.4807112717298072e-01
5.9660717175177358e-01 2.9305525951108125e-01 5.7227731470676968e-01 3.4462869906201971e-01
5.9165306133413409e-01 2.8849770001549979e-01 5.6856433876222467e-01 3.4121066059013239e-01
5.8680652585994730e-01 2.8397401392161647e-01 5.6493228201058709e-01 3.3781809745599711e-01
5.8207266838708605e-01 2.7948580293994052e-01 5.6138496388101078e-01 3.3445221791069613e-01
5.7745627036936087e-01 2.7503483102435083e-01 5.5792596196005795e-01 3.3111435198531169e-01
5.7296178252391838e-01 2.7062302249478976e-01 5.5455860515832234e-01 3.2780595004866842e-01
5.6859331644297040e-01 2.6625245927960262e-01 5.5128596743701686e-01 3.2452858070408203e-01
5.6435463696794219e-01 2.6192537729296650e-01 5.4811086210806359e-01 3.2128392803686490e-01
5.6024915534244912e-01 2.5764416196662110e-01 5.4503583671995792e-01 3.1807378822716270e-01
5.5627992315879760e-01 2.5341134295877488e-01 5.4206316854038439e-01 3.1490006554544864e-01
5.5244962711095447e-01 2.4922958806661522e-01 5.3919486064525401e-01 3.1176476775066908e-01
5.4876058456515919e-01 2.4510169637227652e-01 5.3643263862248936e-01 3.0867000091360403e-01
5.4521473995754777e-01 2.4103059065540322e-01 5.3377794789753463e-01 3.0561796369047101e-01
5.4181366202634040e-01 2.3701930910857677e-01 5.3123195168619564e-01 3.0261094107414566e-01
5.3855854188430552e-01 2.3307099639483780e-01 5.2879552957903442e-01 2.9965129765259907e-01
5.3545019193536347e-01 2.2918889408932042e-01 5.2646927676015098e-01 2.9674147040623078e-01
5.3248904563733745e-01 2.2537633054960726e-01 5.2425350386178837e-01 2.9388396107772657e-01
5.2967515811099197e-01 2.2163671026181048e-01 5.2214823745479533e-01 2.9108132814985649e-01
5.2700820759364375e-01 2.1797350271156590e-01 5.2015322117358398e-01 2.8833617846826565e-01
5.2448749773376313e-01 2.1439023083109288e-01 5.1826791747281886e-01 2.8565115854777712e-01
5.2211196072114030e-01 2.1089045907521170e-01 5.1649151001168436e-01 2.8302894560202496e-01
5.1988016124534842e-01 2.0747778118071580e-01 5.1482290666019659e-01 2.8047223833735779e-01
5.1779030127341241e-01 2.0415580766476138e-01 5.1326074312065395e-01 2.7798374755289712e-01
5.1584022563579301e-01 2.0092815311896328e-01 5.1180338715596907e-01 2.7556618658939275e-01
5.1402742840801352e-01 1.9779842335665809e-01 5.1044894341528424e-01 2.7322226167009062e-01
5.1234906007350811e-01 1.9477020247132182e-01 5.0919525884596450e-01 2.7095466217721531e-01
5.1080193545155117e-01 1.9184703986440615e-01 5.0803992867976222e-01 2.6876605090786149e-01
5.0938254237244418e-01 1.8903243730087232e-01 5.0698030297969288e-01 2.6665905435309678e-01
5.0808705108049179e-01 1.8632983605047643e-01 5.0601349373291937e-01 2.6463625304389360e-01
5.0691132434369834e-01 1.8374260417237454e-01 5.0513638247374548e-01 2.6270017200713391e-01
5.0585092824756139e-01 1.8127402399988740e-01 5.0434562841964803e-01 2.6085327137437408e-01
5.0490114364883298e-01 1.7892727988128898e-01 5.0363767710215290e-01 2.5909793718531016e-01
5.0405697826366902e-01 1.7670544623127044e-01 5.0300876947326500e-01 2.5743647242696610e-01
5.0331317936318876e-01 1.7461147594627902e-01 5.0245495146712094e-01 2.5587108834852190e-01
5.0266424704813506e-01 1.7264818923525455e-01 5.0197208399552617e-01 2.5440389609043251e-01
5.0210444807304577e-01 1.7081826291538982e-01 5.0155585335508834e-01 2.5303689866504908e-01
5.0162783018914414e-01 1.6912422022042833e-01 5.0120178202274857e-01 2.5177198332436024e-01
5.0122823697401020e-01 1.6756842116669957e-01 5.0090523981565804e-01 2.5061091434872018e-01
5.0089932311502761e-01 1.6615305351958476e-01 5.0066145539054907e-01 2.4955532628854049e-01
5.0063457011259993e-01 1.6488012440041933e-01 5.0046552805699718e-01 2.4860671768889170e-01
5.0042730236820898e-01 1.6375145257097362e-01 5.0031243987828344e-01 2.4776644532480097e-01
5.0027070362153947e-01 1.6276866142964019e-01 5.0019706803293307e-01 2.4703571897276055e-01
5.0015783370012834e-01 1.6193317275028879e-01 5.0011419740942975e-01 2.4641559674157387e-01
5.0008164554430701e-01 1.6124620119145638e-01 5.0005853340609596e-01 2.4590698098318281e-01
5.0003500246960353e-01 1.6070874960012488e-01 5.0002471490767608e-01 2.4551061480154984e-01
5.0001069562824363e-01 1.6032160513082394e-01 5.0000732740976728e-01 2.4522707917501962e-01
5.0000146163095716e-01 1.6008533619719051e-01 5.0000091626192500e-01 2.4505679070487085e-01
5.0000000028994096e-01 1.6000029026943907e-01 5.0000000000000000e-01 2.4500000000000000e-01
4.9999899244356133e-01 1.6006659252746142e-01 4.9999908373807500e-01 2.4505679070487085e-01
4.9999111782320488e-01 1.6028414537549968e-01 4.9999267259023267e-01 2.4522707917501962e-01
4.9996907292258674e-01 1.6065262882053294e-01 4.9997528509232392e-01 2.4551061480154979e-01
4.9992558882982557e-01 1.6117150171270844e-01 4.9994146659390398e-01 2.4590698098318281e-01
4.9985344898267331e-01 1.6184000384234409e-01 4.9988580259057031e-01 2.4641559674157387e-01
4.9974550680745849e-01 1.6265715888424959e-01 4.9980293196706688e-01 2.4703571897276055e-01
4.9959470320255589e-01 1.6362177817637141e-01 4.9968756012171650e-01 2.4776644532480097e-01
4.9939408382753958e-01 1.6473246531608132e-01 4.9953447194300288e-01 2.4860671768889170e-01
4.9913681615960159e-01 1.6598762155381463e-01 4.9933854460945093e-01 2.4955532628854049e-01
4.9881620627933199e-01 1.6738545196023497e-01 4.9909476018434196e-01 2.5061091434872007e-01
4.9842571534855018e-01 1.6892397233967416e-01 4.9879821797725143e-01 2.5177198332436018e-01
4.9795897574355602e-01 1.7060101685928858e-01 4.9844414664491160e-01 2.5303689866504908e-01
4.9740980680792563e-01 1.7241424636018782e-01 4.9802791600447388e-01 2.5440389609043251e-01
4.9677223018981531e-01 1.7436115731375873e-01 4.9754504853287906e-01 2.5587108834852190e-01
4.9604048472964940e-01 1.7643909138352382e-01 4.9699123052673494e-01 2.5743647242696599e-01
4.9520904086505818e-01 1.7864524555016664e-01 4.9636232289784710e-01 2.5909793718531016e-01
4.9427261452099291e-01 1.8097668275482143e-01 4.9565437158035197e-01 2.6085327137437403e-01
4.9322618045407834e-01 1.8343034301339034e-01 4.9486361752625452e-01 2.6270017200713391e-01
4.9206498502146234e-01 1.8600305495251251e-01 4.9398650626708063e-01 2.6463625304389354e-01
4.9078455834569051e-01 1.8869154771588598e-01 4.9301969702030718e-01 2.6665905435309678e-01
4.8938072584845910e-01 1.9149246318793656e-01 4.9196007132023784e-01 2.6876605090786143e-01
4.8784961912749142e-01 1.9440236848035064e-01 4.9080474115403555e-01 2.7095466217721531e-01
4.8618768615222485e-01 1.9741776862574550e-01 4.8955105658471576e-01 2.7322226167009056e-01
4.8439170075549642e-01 2.0053511942174346e-01 4.8819661284403099e-01 2.7556618658939269e-01
4.8245877139996268e-01 2.0375084036795876e-01 4.8673925687934605e-01 2.7798374755289701e-01
4.8038634919958489e-01 2.0706132763789192e-01 4.8517709333980347e-01 2.8047223833735774e-01
4.7817223517815038e-01 2.1046296702746270e-01 4.8350848998831564e-01 2.8302894560202496e-01
4.7581458674847926e-01 2.1395214682190611e-01 4.8173208252718114e-01 2.8565115854777706e-01
4.7331192339767919e-01 2.1752527052299447e-01 4.7984677882641602e-01 2.8833617846826559e-01
4.7066313156555994e-01 2.2117876937904513e-01 4.7785176254520473e-01 2.9108132814985643e-01
4.6786746870509277e-01 2.2490911466091701e-01 4.7574649613821168e-01 2.9388396107772652e-01
4.6492456651560049e-01 2.2871282962819217e-01 4.7353072323984902e-01 2.9674147040623078e-01
4.6183443334118446e-01 2.3258650113097623e-01 4.7120447042096564e-01 2.9965129765259901e-01
4.5859745572873128e-01 2.3652679079422506e-01 4.6876804831380442e-01 3.0261094107414560e-01
4.5521439914169148e-01 2.4053044573321941e-01 4.6622205210246537e-01 3.0561796369047090e-01
4.5168640782768099e-01 2.4459430875074262e-01 4.6356736137751064e-01 3.0867000091360397e-01
4.4801500383981757e-01 2.4871532796867618e-01 4.6080513935474604e-01 3.1176476775066897e-01
4.4420208521356785e-01 2.5289056584909547e-01 4.5793683145961567e-01 3.1490006554544858e-01
4.4024992330273843e-01 2.5711720756251788e-01 4.5496416328004213e-01 3.1807378822716259e-01
4.3616115928009647e-01 2.6139256866371596e-01 4.5188913789193641e-01 3.2128392803686479e-01
4.3193879980994326e-01 2.6571410203845247e-01 4.4871403256298326e-01 3.2452858070408197e-01
4.2758621190178747e-01 2.7007940408760189e-01 4.4544139484167772e-01 3.2780595004866836e-01
4.2310711695606751e-01 2.7448622011838980e-01 4.4207403803994211e-01 3.3111435198531164e-01
4.1850558401465232e-01 2.7893244891589208e-01 4.3861503611898933e-01 3.3445221791069601e-01
4.1378602223059890e-01 2.8341614647147129e-01 4.3506771798941291e-01 3.3781809745599700e-01
4.0895317257336694e-01 2.8793552884848062e-01 4.3143566123777538e-01 3.4121066059013239e-01
4.0401209878737210e-01 2.9248897416931818e-01 4.2772268529323038e-01 3.4462869906201965e-01
3.9896817762340653e-01 2.9707502371174832e-01 4.2393284404894643e-01 3.4807112717298072e-01
3.9382708836405489e-01 3.0169238210631188e-01 4.2007041795430655e-01 3.5153698187336790e-01
3.8859480166579086e-01 3.0633991663060162e-01 4.1613990559501834e-01 3.5502542218046906e-01
3.8327756774194516e-01 3.1101665560017333e-01 4.1214601477940338e-01 3.5853572791774591e-01
3.7788190391218740e-01 3.1572178585987143e-01 4.0809365315022211e-01 3.6206729777848046e-01
3.7241458154556167e-01 3.2045464938336354e-01 4.0398791834243575e-01 3.6561964671991803e-01
3.6688261242545245e-01 3.2521473899267550e-01 3.9983408770831042e-01 3.6919240269700537e-01
3.6129323456613205e-01 3.3000169321349027e-01 3.9563760763222222e-01 3.7278530274779853e-01
3.5565389751175097e-01 3.3481529028589185e-01 3.9140408245842778e-01 3.7639818844556411e-01
3.4997224714977443e-01 3.3965544135409320e-01 3.8713926305592061e-01 3.8003100073549018e-01
3.4425611007193901e-01 3.4452218286246372e-01 3.8284903504529194e-01 3.8368377417675981e-01
3.3851347751680549e-01 3.4941566818885328e-01 3.7853940671326591e-01 3.8735663061349773e-01
3.3275248892890441e-01 3.5433615854977479e-01 3.7421649664126799e-01 3.9104977230077698e-01
3.2698141517032198e-01 3.5928401321545045e-01 3.6988652107501274e-01 3.9476347451445576e-01
3.2120864142134020e-01 3.6425967907602419e-01 3.6555578106268183e-01 3.9849807767607659e-01
3.1544264980743608e-01 3.6926367960338558e-01 3.6123064938976435e-01 4.0225397902642024e-01
3.0969200179054901e-01 3.7429660325602138e-01 3.5691755733908892e-01 4.0603162388352881e-01
3.0396532036305068e-01 3.7935909137710189e-01 3.5262298130496444e-01 4.0983149652309508e-01
2.9827127208328985e-01 3.8445182563859975e-01 3.4835342929067048e-01 4.1365411072105485e-01
2.9261854899193862e-01 3.8957551508662808e-01 3.4411542731880096e-01 4.1750000000000009e-01
2.8701585044863398e-01 3.9473088284535190e-01 3.3991550578415641e-01 4.2136970762264808e-01
2.8147186492859028e-01 3.9991865253876735e-01 3.3576018577901390e-01 4.2526377637704649e-01
2.7599525181895002e-01 4.0513953449134943e-01 3.3165596542067344e-01 4.2918273819945441e-01
2.7059462325464928e-01 4.1039421177002450e-01 3.2760930621116585e-01 4.3312710368193541e-01
2.6527852603349167e-01 4.1568332613113490e-01 3.2362661945895527e-01 4.3709735151257473e-01
2.6005542364995737e-01 4.2100746393700872e-01 3.1971425279232946e-01 4.4109391789693803e-01
2.5493367848701820e-01 4.2636714210743443e-01 3.1587847679397663e-01 4.4511718600988642e-01
2.4992153420488961e-01 4.3176279417175900e-01 3.1212547178598449e-01 4.4916747552716074e-01
2.4502709836522396e-01 4.3719475648747308e-01 3.0846131479417183e-01 4.5324503228623869e-01
2.4025832532873759e-01 4.4266325469102463e-01 3.0489196672027458e-01 4.5735001812585951e-01
2.3562299946366994e-01 4.4816839044620155e-01 3.0142325975005613e-01 4.6148250095329196e-01
2.3112871870179791e-01 4.5371012855475401e-01 2.9806088502489120e-01 4.6564244508790475e-01
2.2678287847796835e-01 4.5928828449298309e-01 2.9481038060381143e-01 4.6982970192886087e-01
2.2259265608827911e-01 4.6490251243680947e-01 2.9167711974235222e-01 4.7404400099384159e-01
2.1856499550112229e-01 4.7055229383635810e-01 2.8866629951386130e-01 4.7828494137456479e-01
2.1470659265431830e-01 4.7623692659935357e-01 2.8578292979817177e-01 4.8255198365354868e-01
2.1102388127050348e-01 4.8195551494062733e-01 2.8303182266174726e-01 4.8684444232504442e-01
2.0752301922180816e-01 4.8770695995279123e-01 2.8041758215254708e-01 4.9116147876136579e-01
2.0420987547365504e-01 4.9348995095064752e-01 2.7794459453195158e-01 4.9550209476395718e-01
2.0109001763624706e-01 4.9930295763918769e-01 2.7561701896513618e-01 4.9986512673648098e-01
1.9816870015098426e-01 5.0514422315208962e-01 2.7343877869027677e-01 5.0424924051498088e-01
1.9545085313765936e-01 5.1101175800447107e-01 2.7141355268592254e-01 5.0865292688779296e-01
1.9294107192683790e-01 5.1690333500030272e-01 2.6954476785477988e-01 5.1307449783534531e-01
1.9064360730033147e-01 5.2281648513134105e-01 2.6783559174102722e-01 5.1751208351730271e-01
1.8856235646112163e-01 5.2874849450072492e-01 2.6628892579710295e-01 5.2196363003171831e-01
1.8670085475249609e-01 5.3469640230049909e-01 2.6490739921471712e-01 5.2642689796791398e-01
1.8506226814452281e-01 5.4065699986830229e-01 2.6369336333359183e-01 5.3089946177179004e-01
1.8364938650430374e-01 5.4662683084430042e-01 2.6264888664017805e-01 5.3537870993911352e-01
1.8246461766474054e-01 5.5260219244517117e-01 2.6177575036730150e-01 5.3986184604912979e-01
1.8150998230479048e-01 5.5857913786757363e-01 2.6107544470437227e-01 5.4434589064753780e-01
1.8078710965242245e-01 5.6455347982908122e-01 2.6054916562646252e-01 5.4882768398451920e-01
1.8029723401967446e-01 5.7052079525003274e-01 2.6019781234919254e-01 5.5330388961010535e-01
1.8004119217739967e-01 5.7647643107519098e-01 2.6002198541500315e-01 5.5777099882572923e-01
1.8001942157544609e-01 5.8241551122949442e-01 2.6002198541500315e-01 5.6222533598735458e-01
1.8023195941216558e-01 5.8833294469757780e-01 2.6019781234919254e-01 5.6666306465209437e-01
1.8067844255528825e-01 5.9422343471213179e-01 2.6054916562646246e-01 5.7108019455678394e-01
1.8135810831433835e-01 6.0008148903158687e-01 2.6107544470437227e-01 5.7547258941351809e-01
1.8226979606289606e-01 6.0590143128306939e-01 2.6177575036730150e-01 5.7983597550376254e-01
1.8341194970715935e-01 6.1167741334209513e-01 2.6264888664017805e-01 5.8416595104927482e-01
1.8478262099539888e-01 6.1740342871606391e-01 2.6369336333359172e-01 5.8845799633477736e-01
1.8637947366106483e-01 6.2307332689431261e-01 2.6490739921471707e-01 5.9270748455408628e-01
1.8819978839047452e-01 6.2868082862328978e-01 2.6628892579710295e-01 5.9690969334826138e-01
1.9024046860421079e-01 6.3421954206134867e-01 2.6783559174102722e-01 6.0105981700128963e-01
1.9249804703957446e-01 6.3968297976374155e-01 2.6954476785477988e-01 6.0515297925588585e-01
1.9496869311968607e-01 6.4506457644463999e-01 2.7141355268592249e-01 6.0918424670918392e-01
1.9764822109310659e-01 6.5035770745942756e-01 2.7343877869027672e-01 6.1314864274540748e-01
2.0053209892616430e-01 6.5555570794713081e-01 2.7561701896513613e-01 6.1704116196008885e-01
2.0361545792852637e-01 6.6065189256967050e-01 2.7794459453195153e-01 6.2085678502802122e-01
2.0689310309094844e-01 6.6563957578166344e-01 2.8041758215254703e-01 6.2459049396493305e-01
2.1035952411258124e-01 6.7051209256177358e-01 2.8303182266174726e-01 6.2823728773082876e-01
2.1400890709370080e-01 6.7526281953413902e-01 2.8578292979817166e-01 6.3179219812110565e-01
2.1783514686827743e-01 6.7988519640616907e-01 2.8866629951386125e-01 6.3525030588989762e-01
2.2183185994939564e-01 6.8437274764705169e-01 2.9167711974235222e-01 6.3860675704864200e-01
2.2599239805920268e-01 6.8871910432962313e-01 2.9481038060381137e-01 6.4185677928162443e-01
2.3030986221377953e-01 6.9291802605685260e-01 2.9806088502489114e-01 6.4499569841921545e-01
2.3477711733212125e-01 6.9696342289307700e-01 3.0142325975005602e-01 6.4801895490870931e-01
2.3938680733726547e-01 7.0084937721930674e-01 3.0489196672027452e-01 6.5092212022206630e-01
2.4413137071653396e-01 7.0457016543140094e-01 3.0846131479417160e-01 6.5370091313950796e-01
2.4900305650684984e-01 7.0812027939969679e-01 3.1212547178598443e-01 6.5635121584776335e-01
2.5399394067016612e-01 7.1149444760876634e-01 3.1587847679397663e-01 6.5886908979186121e-01
2.5909594282319054e-01 7.1468765589637340e-01 3.1971425279232935e-01 6.6125079121968322e-01
2.6430084328481840e-01 7.1769516771139985e-01 3.2362661945895521e-01 6.6349278635904219e-01
2.6960030040399541e-01 7.2051254381152952e-01 3.2760930621116580e-01 6.6559176616783655e-01
2.7498586813012149e-01 7.2313566132278129e-01 3.3165596542067333e-01 6.6754466059883732e-01
2.8044901378757919e-01 7.2556073208460092e-01 3.3576018577901379e-01 6.6934865232190088e-01
2.8598113601553066e-01 7.2778432020612827e-01 3.3991550578415614e-01 6.7100118984785728e-01
2.9157358283376694e-01 7.2980335876145286e-01 3.4411542731880107e-01 6.7249999999999999e-01
2.9721766979512521e-01 7.3161516555415251e-01 3.4835342929067037e-01 6.7384309968098588e-01
3.0290469818480292e-01 7.3321745788416537e-01 3.5262298130496439e-01 6.7502880688505029e-01
3.0862597322680441e-01 7.3460836625306591e-01 3.5691755733908892e-01 6.7605575090773140e-01
3.1437282225774033e-01 7.3578644694709405e-01 3.6123064938976424e-01 6.7692288170778248e-01
3.2013661282828365e-01 7.3675069344080679e-01 3.6555578106268172e-01 6.7762947837861709e-01
3.2590877069274721e-01 7.3750054656797714e-01 3.6988652107501241e-01 6.7817515668947181e-01
3.3168079764749858e-01 7.3803590341034009e-01 3.7421649664126788e-01 6.7855987565947684e-01
3.3744428917927061e-01 7.3835712485896288e-01 3.7853940671326580e-01 6.7878394313098278e-01
3.4319095188484233e-01 7.3846504180739259e-01 3.8284903504529183e-01 6.7884802031179226e-01
3.4891262062407935e-01 7.3836095994027562e-01 3.8713926305592056e-01 6.7875312525937836e-01
3.5460127536890962e-01 7.3804666308585665e-01 3.9140408245842795e-01 6.7850063528372162e-01
3.6024905771148585e-01 7.3752441510560862e-01 3.9563760763222217e-01 6.7809228824905410e-01
3.6584828699553928e-01 7.3679696029922592e-01 3.9983408770831053e-01 6.7753018275855137e-01
3.7139147603576461e-01 7.3586752230829100e-01 4.0398791834243569e-01 6.7681677720983768e-01
3.7687134639098063e-01 7.3473980150710239e-01 4.0809365315022195e-01 6.7595488771307077e-01
3.8228084315780586e-01 7.3341797087438709e-01 4.1214601477940327e-01 6.7494768486731438e-01
3.8761314925263579e-01 7.3190667034492374e-01 4.1613990559501812e-01 6.7379868939489296e-01
3.9286169915084784e-01 7.3021099964542180e-01 4.2007041795430644e-01 6.7251176663742684e-01
3.9802019205335015e-01 7.2833650962434238e-01 4.2393284404894621e-01 6.7109111992126480e-01
4.0308260445185673e-01 7.2628919209068177e-01 4.2772268529323032e-01 6.6954128280403147e-01
4.0804320206559702e-01 7.2407546818203894e-01 4.3143566123777533e-01 6.6786711021799894e-01
4.1289655112355211e-01 7.2170217528754921e-01 4.3506771798941291e-01 6.6607376852993649e-01
4.1763752896775375e-01 7.1917655255646040e-01 4.3861503611898928e-01 6.6416672454099435e-01
4.2226133395467758e-01 7.1650622502823325e-01 4.4207403803994211e-01 6.6215173345400491e-01
4.2676349463330854e-01 7.1369918642505248e-01 4.4544139484167766e-01 6.6003482583934381e-01
4.3113987818005073e-01 7.1076378065252044e-01 4.4871403256298309e-01 6.5782229363414602e-01
4.3538669807228997e-01 7.0770868205903548e-01 4.5188913789193635e-01 6.5552067521322854e-01
4.3950052098409353e-01 7.0454287450895015e-01 4.5496416328004197e-01 6.5313673957349894e-01
4.4347827288924763e-01 7.0127562932900167e-01 4.5793683145961561e-01 6.5067746967692464e-01
4.4731724435857428e-01 6.9791648219172098e-01 4.6080513935474587e-01 6.4815004500029305e-01
4.5101509504024678e-01 6.9447520900353388e-01 4.6356736137751059e-01 6.4556182334297696e-01
4.5456985731362076e-01 6.9096180086904402e-01 4.6622205210246531e-01 6.4292032194675108e-01
4.5797993910891538e-01 6.8738643820653023e-01 4.6876804831380442e-01 6.4023319798433975e-01
4.6124412588691949e-01 6.8375946409298149e-01 4.7120447042096558e-01 6.3750822847583166e-01
4.6436158177474191e-01 6.8009135692001554e-01 4.7353072323984902e-01 6.3475328969434730e-01
4.6733184985548654e-01 6.7639270244477845e-01 4.7574649613821163e-01 6.3197633612438919e-01
4.7015485161159243e-01 6.7267416532238256e-01 4.7785176254520462e-01 6.2918537903812544e-01
4.7283088552344338e-01 6.6894646020860393e-01 4.7984677882641597e-01 6.2638846475646870e-01
4.7536062482670938e-01 6.6522032252342345e-01 4.8173208252718103e-01 6.2359365266317290e-01
4.7774511443373480e-01 6.6150647896753834e-01 4.8350848998831558e-01 6.2080899304131421e-01
4.7998576702612644e-01 6.5781561788520060e-01 4.8517709333980336e-01 6.1804250480241396e-01
4.8208435832751950e-01 6.5415835956764157e-01 4.8673925687934599e-01 6.1530215317911086e-01
4.8404302156730289e-01 6.5054522659191449e-01 4.8819661284403099e-01 6.1259582745269825e-01
4.8586424114786525e-01 6.4698661429023341e-01 4.8955105658471576e-01 6.0993131878698781e-01
4.8755084552967626e-01 6.4349276144479228e-01 4.9080474115403550e-01 6.0731629823987421e-01
4.8910599935023802e-01 6.4007372130263041e-01 4.9196007132023784e-01 6.0475829502361877e-01
4.9053319479462681e-01 6.3673933300435215e-01 4.9301969702030718e-01 6.0226467508428216e-01
4.9183624223699340e-01 6.3349919351942108e-01 4.9398650626708057e-01 5.9984262006988243e-01
4.9301926017399189e-01 6.3036263017934280e-01 4.9486361752625452e-01 5.9749910675577234e-01
4.9408666447266669e-01 6.2733867389830877e-01 4.9565437158035192e-01 5.9524088699439071e-01
4.9504315695683448e-01 6.2443603316882468e-01 4.9636232289784710e-01 5.9307446825497490e-01
4.9589371335745314e-01 6.2166306891748535e-01 4.9699123052673494e-01 5.9100609481702027e-01
4.9664357065386944e-01 6.1902777030339395e-01 4.9754504853287906e-01 5.8904172967923873e-01
4.9729821383417655e-01 6.1653773153876601e-01 4.9802791600447388e-01 5.8718703724352550e-01
4.9786336210419085e-01 6.1420012980802074e-01 4.9844414664491160e-01 5.8544736683097787e-01
4.9834495457576972e-01 6.1202170435815206e-01 4.9879821797725143e-01 5.8382773708435276e-01
4.9874913546633814e-01 6.1000873682939960e-01 4.9909476018434196e-01 5.8233282130848563e-01
4.9908223884256631e-01 6.0816703289122953e-01 4.9933854460945093e-01 5.8096693379716058e-01
4.9935077294214408e-01 6.0650190524438330e-01 4.9953447194300288e-01 5.7973401719170381e-01
4.9956140410852518e-01 6.0501815804529135e-01 4.9968756012171650e-01 5.7863763091319753e-01
4.9972094037436582e-01 6.0372007280448414e-01 4.9980293196706688e-01 5.7768094070669052e-01
4.9983631473015577e-01 6.0261139580578349e-01 4.9988580259057031e-01 5.7686670933211526e-01
4.9991456811523100e-01 6.0169532708804174e-01 4.9994146659390398e-01 5.7619728843284246e-01
4.9996283216896897e-01 6.0097451102603083e-01 4.9997528509232392e-01 5.7567461160889821e-01
4.9998831178049424e-01 6.0045102854178711e-01 4.9999267259023267e-01 5.7530018871788746e-01
4.9999826747566589e-01 6.0012639097231157e-01 4.9999908373807500e-01 5.7507510142258278e-01
4.9999999768047593e-01 6.0000153561402081e-01 5.0000000000000000e-01 5.7499999999999996e-01
