1.5000000000000000e+00 1.5000000000000000e+00 1.7250000000000001e+00 1.7250000000000001e+00
1.5012499967193693e+00 1.5013001042127501e+00 1.7249982284603746e+00 1.7249884109694531e+00
1.5024999737550166e+00 1.5025963167513698e+00 1.7249929138693949e+00 1.7249537803240649e+00
1.5037499114235302e+00 1.5038885673766571e+00 1.7249840563107497e+00 1.7248963127708798e+00
1.5049997900421175e+00 1.5051767872628847e+00 1.7249716559239194e+00 1.7248162130400864e+00
1.5062495899289168e+00 1.5064609089851726e+00 1.7249557129041730e+00 1.7247136858517285e+00
1.5074992914033052e+00 1.5077408665068253e+00 1.7249362275025655e+00 1.7245889358830799e+00
1.5087488747862103e+00 1.5090165951666379e+00 1.7249132000259337e+00 1.7244421677366808e+00
1.5099983204004188e+00 1.5102880316661793e+00 1.7248866308368922e+00 1.7242735859090192e+00
1.5112476085708870e+00 1.5115551140570480e+00 1.7248565203538262e+00 1.7240833947598617e+00
1.5124967196250507e+00 1.5128177817281132e+00 1.7248228690508860e+00 1.7238717984822163e+00
1.5137456338931343e+00 1.5140759753927382e+00 1.7247856774579795e+00 1.7236390010729279e+00
1.5149943317084613e+00 1.5153296370759928e+00 1.7247449461607633e+00 1.7233852063038941e+00
1.5162427934077636e+00 1.5165787101018560e+00 1.7247006758006340e+00 1.7231106176938980e+00
1.5174909993314911e+00 1.5178231390804151e+00 1.7246528670747174e+00 1.7228154384810463e+00
1.5187389298241218e+00 1.5190628698950628e+00 1.7246015207358592e+00 1.7224998715958131e+00
1.5199865652344706e+00 1.5202978496896935e+00 1.7245466375926104e+00 1.7221641196346733e+00
1.5212338859159991e+00 1.5215280268559062e+00 1.7244882185092172e+00 1.7218083848343251e+00
1.5224808722271246e+00 1.5227533510202134e+00 1.7244262644056059e+00 1.7214328690464922e+00
1.5237275045315308e+00 1.5239737730312601e+00 1.7243607762573692e+00 1.7210377737132991e+00
1.5249737631984746e+00 1.5251892449470579e+00 1.7242917550957499e+00 1.7206232998432109e+00
1.5262196286030976e+00 1.5263997200222306e+00 1.7242192020076259e+00 1.7201896479875334e+00
1.5274650811267336e+00 1.5276051526952832e+00 1.7241431181354918e+00 1.7197370182174641e+00
1.5287101011572184e+00 1.5288054985758881e+00 1.7240635046774417e+00 1.7192656101016885e+00
1.5299546690891976e+00 1.5300007144321977e+00 1.7239803628871502e+00 1.7187756226845139e+00
1.5311987653244370e+00 1.5311907581781810e+00 1.7238936940738530e+00 1.7182672544645337e+00
1.5324423702721293e+00 1.5323755888609896e+00 1.7238034996023253e+00 1.7177407033738166e+00
1.5336854643492039e+00 1.5335551666483553e+00 1.7237097808928610e+00 1.7171961667576123e+00
1.5349280279806350e+00 1.5347294528160194e+00 1.7236125394212507e+00 1.7166338413545676e+00
1.5361700415997497e+00 1.5358984097351978e+00 1.7235117767187575e+00 1.7160539232774465e+00
1.5374114856485361e+00 1.5370620008600839e+00 1.7234074943720936e+00 1.7154566079943450e+00
1.5386523405779511e+00 1.5382201907153910e+00 1.7232996940233951e+00 1.7148420903103978e+00
1.5398925868482287e+00 1.5393729448839353e+00 1.7231883773701961e+00 1.7142105643499679e+00
1.5411322049291876e+00 1.5405202299942637e+00 1.7230735461654021e+00 1.7135622235393113e+00
1.5423711753005382e+00 1.5416620137083259e+00 1.7229552022172623e+00 1.7128972605897124e+00
1.5436094784521912e+00 1.5427982647091940e+00 1.7228333473893409e+00 1.7122158674810823e+00
1.5448470948845630e+00 1.5439289526888311e+00 1.7227079836004884e+00 1.7115182354460150e+00
1.5460840051088842e+00 1.5450540483359105e+00 1.7225791128248107e+00 1.7108045549542901e+00
1.5473201896475064e+00 1.5461735233236873e+00 1.7224467370916381e+00 1.7100750156978235e+00
1.5485556290342084e+00 1.5472873502979236e+00 1.7223108584854940e+00 1.7093298065760516e+00
1.5497903038145024e+00 1.5483955028648693e+00 1.7221714791460614e+00 1.7085691156817477e+00
1.5510241945459418e+00 1.5493067156043250e+00 1.7220286012681492e+00 1.7079291177117333e+00
1.5522572817984255e+00 1.5502144492233196e+00 1.7218822271016583e+00 1.7072784780161041e+00
1.5534895461545055e+00 1.5511186859844612e+00 1.7217323589515452e+00 1.7066172861235265e+00
1.5547209682096919e+00 1.5520194085219394e+00 1.7215789991777866e+00 1.7059456313932337e+00
1.5559515285727579e+00 1.5529165998386685e+00 1.7214221501953417e+00 1.7052636030098154e+00
1.5571812078660463e+00 1.5538102433034313e+00 1.7212618144741147e+00 1.7045712899780958e+00
1.5584099867257744e+00 1.5547003226480274e+00 1.7210979945389149e+00 1.7038687811180986e+00
1.5596378458023377e+00 1.5555868219644220e+00 1.7209306929694179e+00 1.7031561650601004e+00
1.5608647657606167e+00 1.5564697257018973e+00 1.7207599124001249e+00 1.7024335302397697e+00
1.5620907272802793e+00 1.5573490186642085e+00 1.7205856555203207e+00 1.7017009648933914e+00
1.5633157110560862e+00 1.5582246860067412e+00 1.7204079250740314e+00 1.7009585570531751e+00
1.5645396977981951e+00 1.5590967132336742e+00 1.7202267238599822e+00 1.7002063945426495e+00
1.5657626682324635e+00 1.5599650861951448e+00 1.7200420547315516e+00 1.6994445649721386e+00
1.5669846031007528e+00 1.5608297910844193e+00 1.7198539205967280e+00 1.6986731557343198e+00
1.5682054831612315e+00 1.5616908144350674e+00 1.7196623244180631e+00 1.6978922539998660e+00
1.5694252891886782e+00 1.5625481431181409e+00 1.7194672692126258e+00 1.6971019467131658e+00
1.5706440019747847e+00 1.5634017643393596e+00 1.7192687580519537e+00 1.6963023205881269e+00
1.5718616023284573e+00 1.5642516656362984e+00 1.7190667940620061e+00 1.6954934621040563e+00
1.5730780710761203e+00 1.5650978348755842e+00 1.7188613804231139e+00 1.6946754575016214e+00
1.5742933890620177e+00 1.5659402602500960e+00 1.7186525203699292e+00 1.6938483927788874e+00
1.5755075371485137e+00 1.5667789302761723e+00 1.7184402171913753e+00 1.6930123536874335e+00
1.5767204962163957e+00 1.5676138337908225e+00 1.7182244742305945e+00 1.6921674257285448e+00
1.5779322471651744e+00 1.5684449599489487e+00 1.7180052948848952e+00 1.6913136941494800e+00
1.5791427709133847e+00 1.5692722982205700e+00 1.7177826826056986e+00 1.6904512439398136e+00
1.5803520483988862e+00 1.5700958383880568e+00 1.7175566408984846e+00 1.6895801598278550e+00
1.5815600605791635e+00 1.5709155705433699e+00 1.7173271733227362e+00 1.6887005262771375e+00
1.5827667884316261e+00 1.5717314850853099e+00 1.7170942834918836e+00 1.6878124274829831e+00
1.5839722129539076e+00 1.5725435727167707e+00 1.7168579750732473e+00 1.6869159473691380e+00
1.5851763151641651e+00 1.5733518244420035e+00 1.7166182517879807e+00 1.6860111695844802e+00
1.5863790761013785e+00 1.5741562315638877e+00 1.7163751174110107e+00 1.6850981774997973e+00
1.5875804768256487e+00 1.5749567856812092e+00 1.7161285757709790e+00 1.6841770542046346e+00
1.5887804984184959e+00 1.5757534786859495e+00 1.7158786307501814e+00 1.6832478825042130e+00
1.5899791219831569e+00 1.5765463027605799e+00 1.7156252862845069e+00 1.6823107449164143e+00
1.5911763286448843e+00 1.5773352503753677e+00 1.7153685463633757e+00 1.6813657236688351e+00
1.5923720995512420e+00 1.5781203142856892e+00 1.7151084150296758e+00 1.6804129006959079e+00
1.5935664158724028e+00 1.5789014875293528e+00 1.7148448963797007e+00 1.6794523576360891e+00
1.5947592588014452e+00 1.5796787634239311e+00 1.7145779945630835e+00 1.6784841758291111e+00
1.5959506095546492e+00 1.5804521355641017e+00 1.7143077137827318e+00 1.6775084363133015e+00
1.5971404493717916e+00 1.5812215978189990e+00 1.7140340582947624e+00 1.6765252198229652e+00
1.5983287595164426e+00 1.5819871443295748e+00 1.7137570324084332e+00 1.6755346067858308e+00
1.5995155212762597e+00 1.5827487695059683e+00 1.7134766404860766e+00 1.6745366773205606e+00
1.6007007159632833e+00 1.5835064680248885e+00 1.7131928869430291e+00 1.6735315112343210e+00
1.6018843249142301e+00 1.5842602348270023e+00 1.7129057762475630e+00 1.6725191880204169e+00
1.6030663294907876e+00 1.5850100651143388e+00 1.7126153129208161e+00 1.6714997868559855e+00
1.6042467110799075e+00 1.5857559543476987e+00 1.7123215015367197e+00 1.6704733865997508e+00
1.6054254510940984e+00 1.5864978982440769e+00 1.7120243467219276e+00 1.6694400657898374e+00
1.6066025309717193e+00 1.5872358927740973e+00 1.7117238531557417e+00 1.6683999026416443e+00
1.6077779321772709e+00 1.5879699341594538e+00 1.7114200255700402e+00 1.6673529750457758e+00
1.6089516362016885e+00 1.5887000188703673e+00 1.7111128687492021e+00 1.6662993605660306e+00
1.6101236245626325e+00 1.5894261436230508e+00 1.7108023875300311e+00 1.6652391364374473e+00
1.6112938788047797e+00 1.5901483053771859e+00 1.7104885868016813e+00 1.6641723795644072e+00
1.6124623805001150e+00 1.5908665013334127e+00 1.7101714715055782e+00 1.6630991665187924e+00
1.6136291112482197e+00 1.5915807289308284e+00 1.7098510466353427e+00 1.6620195735381980e+00
1.6147940526765630e+00 1.5922909858444987e+00 1.7095273172367114e+00 1.6609336765241998e+00
1.6159571864407900e+00 1.5929972699829815e+00 1.7092002884074571e+00 1.6598415510406757e+00
1.6171184942250114e+00 1.5936995794858617e+00 1.7088699652973087e+00 1.6587432723121791e+00
1.6182779577420914e+00 1.5943979127212966e+00 1.7085363531078710e+00 1.6576389152223667e+00
1.6194355587339366e+00 1.5950922682835753e+00 1.7081994570925410e+00 1.6565285543124755e+00
1.6205912789717818e+00 1.5957826449906893e+00 1.7078592825564267e+00 1.6554122637798536e+00
1.6217451002564787e+00 1.5964690418819147e+00 1.7075158348562629e+00 1.6542901174765405e+00
1.6228970044187818e+00 1.5971514582154072e+00 1.7071691194003273e+00 1.6531621889078971e+00
1.6240469733196348e+00 1.5978298934658086e+00 1.7068191416483547e+00 1.6520285512312851e+00
1.6251949888504551e+00 1.5985043473218667e+00 1.7064659071114510e+00 1.6508892772547967e+00
1.6263410329334207e+00 1.5991748196840669e+00 1.7061094213520074e+00 1.6497444394360297e+00
1.6274850875217539e+00 1.5998413106622769e+00 1.7057496899836120e+00 1.6485941098809131e+00
1.6286271346000054e+00 1.6005038205734017e+00 1.7053867186709613e+00 1.6474383603425775e+00
1.6297671561843381e+00 1.6011623499390555e+00 1.7050205131297713e+00 1.6462772622202728e+00
1.6309051343228109e+00 1.6018168994832418e+00 1.7046510791266876e+00 1.6451108865583326e+00
1.6320410510956604e+00 1.6024674701300494e+00 1.7042784224791947e+00 1.6439393040451813e+00
1.6331748886155837e+00 1.6031140630013589e+00 1.7039025490555237e+00 1.6427625850123886e+00
1.6343066290280199e+00 1.6037566794145643e+00 1.7035234647745605e+00 1.6415807994337663e+00
1.6354362545114316e+00 1.6043953208803050e+00 1.7031411756057524e+00 1.6403940169245097e+00
1.6365637472775847e+00 1.6050299891002133e+00 1.7027556875690142e+00 1.6392023067403803e+00
1.6376890895718292e+00 1.6056606859646729e+00 1.7023670067346333e+00 1.6380057377769335e+00
1.6388122636733791e+00 1.6062874135505913e+00 1.7019751392231741e+00 1.6368043785687851e+00
1.6399332518955905e+00 1.6069101741191854e+00 1.7015800912053818e+00 1.6355982972889216e+00
1.6410520365862404e+00 1.6074278780101237e+00 1.7011818689020848e+00 1.6345862054206692e+00
1.6421686001278055e+00 1.6079431494943615e+00 1.7007804785840976e+00 1.6335702290397864e+00
1.6432829249377385e+00 1.6084559854848610e+00 1.7003759265721208e+00 1.6325503996395117e+00
1.6443949934687454e+00 1.6089663829697824e+00 1.6999682192366425e+00 1.6315267486615890e+00
1.6455047882090623e+00 1.6094743390121178e+00 1.6995573629978382e+00 1.6304993074955973e+00
1.6466122916827304e+00 1.6099798507493253e+00 1.6991433643254685e+00 1.6294681074782889e+00
1.6477174864498714e+00 1.6104829153929643e+00 1.6987262297387786e+00 1.6284331798929337e+00
1.6488203551069625e+00 1.6109835302283280e+00 1.6983059658063946e+00 1.6273945559686709e+00
1.6499208802871101e+00 1.6114816926140774e+00 1.6978825791462204e+00 1.6263522668798664e+00
1.6510190446603235e+00 1.6119773999818761e+00 1.6974560764253341e+00 1.6253063437454789e+00
1.6521148309337874e+00 1.6124706498360224e+00 1.6970264643598818e+00 1.6242568176284302e+00
1.6532082218521349e+00 1.6129614397530845e+00 1.6965937497149728e+00 1.6232037195349849e+00
1.6542992001977184e+00 1.6134497673815329e+00 1.6961579393045729e+00 1.6221470804141358e+00
1.6553877487908812e+00 1.6139356304413743e+00 1.6957190399913971e+00 1.6210869311569944e+00
1.6564738504902283e+00 1.6144190267237855e+00 1.6952770586868007e+00 1.6200233025961912e+00
1.6575574881928954e+00 1.6148999540907463e+00 1.6948320023506720e+00 1.6189562255052792e+00
1.6586386448348194e+00 1.6153784104746745e+00 1.6943838779913214e+00 1.6178857305981471e+00
1.6597173033910062e+00 1.6158548133138950e+00 1.6939326926653717e+00 1.6168108982684999e+00
1.6607934468757988e+00 1.6163289684171984e+00 1.6934784534776466e+00 1.6157321744770738e+00
1.6618670583431459e+00 1.6168008706103532e+00 1.6930211675810596e+00 1.6146495841801478e+00
1.6629381208868670e+00 1.6172705147749320e+00 1.6925608421764997e+00 1.6135631523481242e+00
1.6640066176409201e+00 1.6177378958482356e+00 1.6920974845127204e+00 1.6124729039649510e+00
1.6650725317796669e+00 1.6182030088232178e+00 1.6916311018862231e+00 1.6113788640275453e+00
1.6661358465181371e+00 1.6186658487484080e+00 1.6911617016411440e+00 1.6102810575452176e+00
1.6671965451122934e+00 1.6191264107278349e+00 1.6906892911691376e+00 1.6091795095390999e+00
1.6682546108592953e+00 1.6195846899209456e+00 1.6902138779092608e+00 1.6080742450415748e+00
1.6693100270977610e+00 1.6200406815425279e+00 1.6897354693478548e+00 1.6069652890957073e+00
1.6703627772080314e+00 1.6204943808626278e+00 1.6892540730184284e+00 1.6058526667546780e+00
1.6714128446124306e+00 1.6209457832064695e+00 1.6887696965015386e+00 1.6047364030812181e+00
1.6724602127755270e+00 1.6213948839543710e+00 1.6882823474246720e+00 1.6036165231470489e+00
1.6735048652043949e+00 1.6218416785416616e+00 1.6877920334621230e+00 1.6024930520323197e+00
1.6745467854488725e+00 1.6222861624585969e+00 1.6872987623348754e+00 1.6013660148250513e+00
1.6755859571018219e+00 1.6227283312502729e+00 1.6868025418104788e+00 1.6002354366205784e+00
1.6766223637993876e+00 1.6231681805165399e+00 1.6863033797029272e+00 1.5991013425209968e+00
1.6776559892212537e+00 1.6236057059119151e+00 1.6858012838725356e+00 1.5979637576346115e+00
1.6786868170909013e+00 1.6240409031454937e+00 1.6852962622258165e+00 1.5968227070753869e+00
1.6797148311758641e+00 1.6244737679808596e+00 1.6847883227153555e+00 1.5956782159623988e+00
1.6807400152879852e+00 1.6249042962359961e+00 1.6842774733396857e+00 1.5945303094192895e+00
1.6817623532836710e+00 1.6253324837831931e+00 1.6837637221431618e+00 1.5933790125737246e+00
1.6827818290641456e+00 1.6257583265489566e+00 1.6832470772158334e+00 1.5922243505568514e+00
1.6837984265757049e+00 1.6261818205139145e+00 1.6827275466933183e+00 1.5910663485027596e+00
1.6848121298099685e+00 1.6266029617127240e+00 1.6822051387566730e+00 1.5899050315479457e+00
1.6858229228041324e+00 1.6270217462339756e+00 1.6816798616322655e+00 1.5887404248307764e+00
1.6868307896412200e+00 1.6274381702200980e+00 1.6811517235916444e+00 1.5875725534909573e+00
1.6878357144503338e+00 1.6278522298672617e+00 1.6806207329514096e+00 1.5864014426690021e+00
1.6888376814069030e+00 1.6282639214252816e+00 1.6800868980730808e+00 1.5852271175057040e+00
1.6898366747329359e+00 1.6286732411975184e+00 1.6795502273629654e+00 1.5840496031416103e+00
1.6908326786972652e+00 1.6290801855407806e+00 1.6790107292720278e+00 1.5828689247164969e+00
1.6918256776157976e+00 1.6294847508652228e+00 1.6784684122957545e+00 1.5816851073688480e+00
1.6928156558517606e+00 1.6298869336342465e+00 1.6779232849740209e+00 1.5804981762353361e+00
1.6938025978159483e+00 1.6302867303643978e+00 1.6773753558909574e+00 1.5793081564503035e+00
1.6947864879669665e+00 1.6306841376252652e+00 1.6768246336748136e+00 1.5781150731452480e+00
1.6957673108114790e+00 1.6310791520393764e+00 1.6762711269978228e+00 1.5769189514483095e+00
1.6969602726145783e+00 1.6314717702820936e+00 1.6755917851322031e+00 1.5757198164837589e+00
1.6981474557216218e+00 1.6318619890815098e+00 1.6749089935247494e+00 1.5745176933714893e+00
1.6993288470275996e+00 1.6322498052183423e+00 1.6742227795367590e+00 1.5733126072265091e+00
1.7005044336662236e+00 1.6326352155258261e+00 1.6735331705046661e+00 1.5721045831584384e+00
1.7016742030089180e+00 1.6330182168896081e+00 1.6728401937391728e+00 1.5708936462710059e+00
1.7028381426638095e+00 1.6333988062476368e+00 1.6721438765243914e+00 1.5696798216615493e+00
1.7039962404747129e+00 1.6337769805900555e+00 1.6714442461169929e+00 1.5684631344205173e+00
1.7051484845201141e+00 1.6341527369590918e+00 1.6707413297453624e+00 1.5672436096309739e+00
1.7062948631121511e+00 1.6345260724489477e+00 1.6700351546087631e+00 1.5660212723681048e+00
1.7074353647955911e+00 1.6348969842056880e+00 1.6693257478765082e+00 1.5647961476987271e+00
1.7085699783468058e+00 1.6352654694271291e+00 1.6686131366871395e+00 1.5635682606807986e+00
1.7096986927727436e+00 1.6356315253627263e+00 1.6678973481476145e+00 1.5623376363629320e+00
1.7108214973099005e+00 1.6359951493134601e+00 1.6671784093324993e+00 1.5611042997839104e+00
1.7119383814232865e+00 1.6363563386317230e+00 1.6664563472831717e+00 1.5598682759722045e+00
1.7130493348053915e+00 1.6367150907212038e+00 1.6657311890070297e+00 1.5586295899454918e+00
1.7141543473751486e+00 1.6370714030367730e+00 1.6650029614767075e+00 1.5573882667101799e+00
1.7152534092768941e+00 1.6374252730843661e+00 1.6642716916293006e+00 1.5561443312609298e+00
1.7163465108793265e+00 1.6377766984208670e+00 1.6635374063655970e+00 1.5548978085801819e+00
1.7174336427744641e+00 1.6381256766539907e+00 1.6628001325493160e+00 1.5536487236376861e+00
1.7185147957765980e+00 1.6384722054421645e+00 1.6620598970063538e+00 1.5523971013900311e+00
1.7195899609212462e+00 1.6388162824944097e+00 1.6613167265240385e+00 1.5511429667801784e+00
1.7206591294641040e+00 1.6391579055702212e+00 1.6605706478503894e+00 1.5498863447369973e+00
1.7217222928799933e+00 1.6394970724794484e+00 1.6598216876933869e+00 1.5486272601748021e+00
1.7227794428618102e+00 1.6398337810821733e+00 1.6590698727202466e+00 1.5473657379928931e+00
1.7238310206054019e+00 1.6401680292885892e+00 1.6583149054676687e+00 1.5461018030750964e+00
1.7248770740049015e+00 1.6404998150588788e+00 1.6575567626690524e+00 1.5448354802893098e+00
1.7259175872549277e+00 1.6408291364030907e+00 1.6567954662911049e+00 1.5435667944870493e+00
1.7269525447225065e+00 1.6411559913810168e+00 1.6560310383237813e+00 1.5422957705029963e+00
1.7279819309469120e+00 1.6414803781020670e+00 1.6552635007796281e+00 1.5410224331545495e+00
1.7290057306395021e+00 1.6418022947251458e+00 1.6544928756931288e+00 1.5397468072413780e+00
1.7300239286835495e+00 1.6420719979204010e+00 1.6537191851200497e+00 1.5386687011603675e+00
1.7310365101340681e+00 1.6423400502805201e+00 1.6529424511367916e+00 1.5375885527755999e+00
1.7320434602176376e+00 1.6426064486908125e+00 1.6521626958397397e+00 1.5365063746380845e+00
1.7330447643322202e+00 1.6428711900558066e+00 1.6513799413446180e+00 1.5354221793224150e+00
1.7340404080469760e+00 1.6431342712992851e+00 1.6505942097858446e+00 1.5343359794266247e+00
1.7350303771020725e+00 1.6433956893643207e+00 1.6498055233158901e+00 1.5332477875720389e+00
1.7360146574084918e+00 1.6436554412133118e+00 1.6490139041046379e+00 1.5321576164031296e+00
1.7369932350478310e+00 1.6439135238280178e+00 1.6482193743387454e+00 1.5310654785873674e+00
1.7379660962721011e+00 1.6441699342095939e+00 1.6474219562210091e+00 1.5299713868150746e+00
1.7389332275035203e+00 1.6444246693786266e+00 1.6466216719697313e+00 1.5288753537992785e+00
1.7398946153343036e+00 1.6446777263751673e+00 1.6458185438180886e+00 1.5277773922755626e+00
1.7408502465264490e+00 1.6449291022587680e+00 1.6450125940135023e+00 1.5266775150019192e+00
1.7418001080115189e+00 1.6451787941085139e+00 1.6442038448170126e+00 1.5255757347586012e+00
1.7427441868904172e+00 1.6454267990230589e+00 1.6433923185026535e+00 1.5244720643479732e+00
1.7436824704331646e+00 1.6456731141206580e+00 1.6425780373568295e+00 1.5233665165943633e+00
1.7446149460786669e+00 1.6459177365392019e+00 1.6417610236776965e+00 1.5222591043439135e+00
1.7455416014344816e+00 1.6461606634362498e+00 1.6409412997745438e+00 1.5211498404644308e+00
1.7464624242765809e+00 1.6464018919890613e+00 1.6401188879671775e+00 1.5200387378452378e+00
1.7473774025491089e+00 1.6466414193946317e+00 1.6392938105853077e+00 1.5189258093970226e+00
1.7482865243641359e+00 1.6468792428697223e+00 1.6384660899679371e+00 1.5178110680516885e+00
1.7491897780014103e+00 1.6471153596508938e+00 1.6376357484627522e+00 1.5166945267622047e+00
1.7500871519081052e+00 1.6473497669945381e+00 1.6368028084255157e+00 1.5155761985024547e+00
1.7509786346985605e+00 1.6475824621769102e+00 1.6359672922194639e+00 1.5144560962670870e+00
1.7518642151540245e+00 1.6478134424941602e+00 1.6351292222147031e+00 1.5133342330713619e+00
1.7527438822223880e+00 1.6480427052623641e+00 1.6342886207876104e+00 1.5122106219510028e+00
1.7536176250179174e+00 1.6482702478175555e+00 1.6334455103202354e+00 1.5110852759620421e+00
1.7544854328209831e+00 1.6484960675157563e+00 1.6325999131997071e+00 1.5099582081806724e+00
1.7553472950777849e+00 1.6487201617330076e+00 1.6317518518176382e+00 1.5088294317030917e+00
1.7562032014000726e+00 1.6489425278654002e+00 1.6309013485695369e+00 1.5076989596453534e+00
1.7570531415648651e+00 1.6491631633291042e+00 1.6300484258542176e+00 1.5065668051432128e+00
1.7578971055141637e+00 1.6493820655604003e+00 1.6291931060732154e+00 1.5054329813519745e+00
1.7588572344470690e+00 1.6495992320157082e+00 1.6282096739608622e+00 1.5042975014463400e+00
1.7598090864169205e+00 1.6498146601716170e+00 1.6272235671098947e+00 1.5031603786202541e+00
1.7607526568991712e+00 1.6500283475249149e+00 1.6262348231330817e+00 1.5020216260867525e+00
1.7616879416847739e+00 1.6502402915926169e+00 1.6252434795581381e+00 1.5008812570778067e+00
1.7626149368783706e+00 1.6504504899119949e+00 1.6242495738266609e+00 1.4997392848441717e+00
1.7635336388964753e+00 1.6506589400406058e+00 1.6232531432930761e+00 1.4985957226552318e+00
1.7644440444656602e+00 1.6508656395563197e+00 1.6222542252235990e+00 1.4974505837988454e+00
1.7653461506207355e+00 1.6510705860573491e+00 1.6212528567952069e+00 1.4963038815811920e+00
1.7662399547029319e+00 1.6512737771622752e+00 1.6202490750946246e+00 1.4951556293266162e+00
1.7671254543580779e+00 1.6514752105100765e+00 1.6192429171173206e+00 1.4940058403774743e+00
1.7680026475347781e+00 1.6516748837601565e+00 1.6182344197665184e+00 1.4928545280939778e+00
1.7688715324825899e+00 1.6518727945923706e+00 1.6172236198522165e+00 1.4917017058540396e+00
1.7697321077501984e+00 1.6520689407070521e+00 1.6162105540902238e+00 1.4905473870531174e+00
1.7705843721835908e+00 1.6522633198250409e+00 1.6151952591012055e+00 1.4893915851040589e+00
1.7714283249242302e+00 1.6524559296877084e+00 1.6141777714097414e+00 1.4882343134369451e+00
1.7722639654072285e+00 1.6526467680569839e+00 1.6131581274433953e+00 1.4870755854989348e+00
1.7730912933595173e+00 1.6528358327153816e+00 1.6121363635317987e+00 1.4859154147541087e+00
1.7739103087980217e+00 1.6530231214660251e+00 1.6111125159057444e+00 1.4847538146833117e+00
1.7747210120278289e+00 1.6532086321326740e+00 1.6100866206962923e+00 1.4835907987839976e+00
1.7755234036403615e+00 1.6533923625597484e+00 1.6090587139338874e+00 1.4824263805700717e+00
1.7763174845115468e+00 1.6535743106123544e+00 1.6080288315474895e+00 1.4812605735717337e+00
1.7771032557999875e+00 1.6537544741763088e+00 1.6069970093637149e+00 1.4800933913353205e+00
1.7778807189451331e+00 1.6539328511581637e+00 1.6059632831059891e+00 1.4789248474231489e+00
1.7786498756654499e+00 1.6541094394852303e+00 1.6049276883937107e+00 1.4777549554133580e+00
1.7794107279565923e+00 1.6542842371056041e+00 1.6038902607414287e+00 1.4765837288997514e+00
1.7801632780895744e+00 1.6544572419881878e+00 1.6028510355580297e+00 1.4754111814916391e+00
1.7809075286089415e+00 1.6546284521227148e+00 1.6018100481459363e+00 1.4742373268136799e+00
1.7816434823309426e+00 1.6547978655197737e+00 1.6007673337003188e+00 1.4730621785057223e+00
1.7823711423417032e+00 1.6549654802108302e+00 1.5997229273083153e+00 1.4718857502226466e+00
1.7830905119953990e+00 1.6551312942482506e+00 1.5986768639482665e+00 1.4707080556342058e+00
1.7838015949124308e+00 1.6552953057053239e+00 1.5976291784889582e+00 1.4695291084248674e+00
1.7845043949775992e+00 1.6554575126762852e+00 1.5965799056888779e+00 1.4683489222936537e+00
1.7851989163382826e+00 1.6556179132763367e+00 1.5955290801954805e+00 1.4671675109539828e+00
1.7858851634026132e+00 1.6557765056416702e+00 1.5944767365444661e+00 1.4659848881335098e+00
1.7865631408376565e+00 1.6559332879294888e+00 1.5934229091590686e+00 1.4648010675739664e+00
1.7872328535675923e+00 1.6560882583180281e+00 1.5923676323493545e+00 1.4636160630310022e+00
1.7878943067718949e+00 1.6562414150065772e+00 1.5913109403115342e+00 1.4624298882740234e+00
1.7885475058835170e+00 1.6563927562155005e+00 1.5902528671272818e+00 1.4612425570860350e+00
1.7891924565870743e+00 1.6565422801862573e+00 1.5891934467630671e+00 1.4600540832634785e+00
1.7898291648170317e+00 1.6566899851814223e+00 1.5881327130694995e+00 1.4588644806160727e+00
1.7904576367558915e+00 1.6568358694847067e+00 1.5870706997806794e+00 1.4576737629666527e+00
1.7910778788323833e+00 1.6569799314009779e+00 1.5860074405135627e+00 1.4564819441510108e+00
1.7916898977196563e+00 1.6571221692562781e+00 1.5849429687673349e+00 1.4552890380177328e+00
1.7922937003334716e+00 1.6572625813978452e+00 1.5838773179227961e+00 1.4540950584280403e+00
1.7928892938304009e+00 1.6574011661941308e+00 1.5828105212417551e+00 1.4529000192556272e+00
1.7934766856060225e+00 1.6575379220348203e+00 1.5817426118664362e+00 1.4517039343864999e+00
1.7940558832931228e+00 1.6576728473308506e+00 1.5806736228188940e+00 1.4505068177188154e+00
1.7946268947598987e+00 1.6578059405144292e+00 1.5796035870004395e+00 1.4493086831627195e+00
1.7951897281081630e+00 1.6579372000390522e+00 1.5785325371910761e+00 1.4481095446401866e+00
1.7957443916715525e+00 1.6580666243795223e+00 1.5774605060489462e+00 1.4469094160848559e+00
1.7962908940137376e+00 1.6581942120319664e+00 1.5763875261097875e+00 1.4457083114418705e+00
1.7968292439266365e+00 1.6583199615138531e+00 1.5753136297863986e+00 1.4445062446677162e+00
1.7973594504286292e+00 1.6584438713640102e+00 1.5742388493681159e+00 1.4433032297300576e+00
1.7978815227627782e+00 1.6585659401426416e+00 1.5731632170202994e+00 1.4420992806075774e+00
1.7983954703950480e+00 1.6586861664313435e+00 1.5720867647838284e+00 1.4408944112898125e+00
1.7989013030125309e+00 1.6588045488331216e+00 1.5710095245746074e+00 1.4396886357769927e+00
1.7993990305216743e+00 1.6589210859724068e+00 1.5699315281830819e+00 1.4384819680798777e+00
1.7998886630465103e+00 1.6590357764950721e+00 1.5688528072737624e+00 1.4372744222195935e+00
1.8003702109268904e+00 1.6591486190684464e+00 1.5677733933847597e+00 1.4360660122274704e+00
1.8008436847167226e+00 1.6592596123813326e+00 1.5666933179273284e+00 1.4348567521448803e+00
1.8013090951822111e+00 1.6593687551440204e+00 1.5656126121854215e+00 1.4336466560230716e+00
1.8017664533001003e+00 1.6594760460883027e+00 1.5645313073152520e+00 1.4324357379230082e+00
1.8022157702559221e+00 1.6595814839674903e+00 1.5634494343448666e+00 1.4312240119152049e+00
1.8026570574422465e+00 1.6596850675564259e+00 1.5623670241737257e+00 1.4300114920795641e+00
1.8030903264569356e+00 1.6597867956514980e+00 1.5612841075722963e+00 1.4287981925052124e+00
1.8035155891014019e+00 1.6598866670706562e+00 1.5602007151816499e+00 1.4275841272903365e+00
1.8039328573788700e+00 1.6599846806534237e+00 1.5591168775130726e+00 1.4263693105420199e+00
1.8043421434926417e+00 1.6600808352609115e+00 1.5580326249476837e+00 1.4251537563760781e+00
1.8047434598443652e+00 1.6601751297758307e+00 1.5569479877360615e+00 1.4239374789168961e+00
1.8051368190323087e+00 1.6602675631025068e+00 1.5558629959978809e+00 1.4227204922972627e+00
1.8055222338496366e+00 1.6603581341668914e+00 1.5547776797215573e+00 1.4215028106582070e+00
1.8058997172826921e+00 1.6604468419165754e+00 1.5536920687639009e+00 1.4202844481488344e+00
1.8062692825092810e+00 1.6605336853208006e+00 1.5526061928497783e+00 1.4190654189261611e+00
1.8067024561361980e+00 1.6606186633704718e+00 1.5513024415619385e+00 1.4178457371549513e+00
1.8071239378535413e+00 1.6607017750781690e+00 1.5499994224320426e+00 1.4166254170075505e+00
1.8075337779753393e+00 1.6607830194781583e+00 1.5486971870086814e+00 1.4154044726637232e+00
1.8079320270765336e+00 1.6608623956264039e+00 1.5473957863264076e+00 1.4141829183104855e+00
1.8083187359858839e+00 1.6609399026005776e+00 1.5460952709074813e+00 1.4129607681419429e+00
1.8086939557789481e+00 1.6610155395000714e+00 1.5447956907636466e+00 1.4117380363591232e+00
1.8090577377711297e+00 1.6610893054460063e+00 1.5434970953979337e+00 1.4105147371698130e+00
1.8094101335107970e+00 1.6611611995812436e+00 1.5421995338064900e+00 1.4092908847883914e+00
1.8097511947724723e+00 1.6612312210703948e+00 1.5409030544804370e+00 1.4080664934356659e+00
1.8100809735500909e+00 1.6612993690998301e+00 1.5396077054077517e+00 1.4068415773387069e+00
1.8103995220503311e+00 1.6613656428776897e+00 1.5383135340751755e+00 1.4056161507306810e+00
1.8107068926860106e+00 1.6614300416338916e+00 1.5370205874701450e+00 1.4043902278506883e+00
1.8110031380695553e+00 1.6614925646201408e+00 1.5357289120827500e+00 1.4031638229435948e+00
1.8112883110065354e+00 1.6615532111099387e+00 1.5344385539077112e+00 1.4019369502598669e+00
1.8115624644892694e+00 1.6616119803985907e+00 1.5331495584463832e+00 1.4007096240554073e+00
1.8118256516904978e+00 1.6616688718032149e+00 1.5318619707087791e+00 1.3994818585913884e+00
1.8120779259571242e+00 1.6617238846627496e+00 1.5305758352156151e+00 1.3982536681340860e+00
1.8123193408040241e+00 1.6617770183379617e+00 1.5292911960003785e+00 1.3970250669547148e+00
1.8125499499079198e+00 1.6618282722114532e+00 1.5280080966114140e+00 1.3957960693292617e+00
1.8127698071013254e+00 1.6618776456876692e+00 1.5267265801140306e+00 1.3945666895383206e+00
1.8129789663665552e+00 1.6619251381929039e+00 1.5254466890926281e+00 1.3933369418669255e+00
1.8131774818298010e+00 1.6619707491753088e+00 1.5241684656528411e+00 1.3921068406043853e+00
1.8133654077552739e+00 1.6620144781048976e+00 1.5228919514237029e+00 1.3908764000441176e+00
1.8135427985394124e+00 1.6620563244735524e+00 1.5216171875598246e+00 1.3896456344834824e+00
1.8137097087051570e+00 1.6620962877950312e+00 1.5203442147435937e+00 1.3884145582236163e+00
1.8138661928962876e+00 1.6621343676049714e+00 1.5190730731873876e+00 1.3871831855692660e+00
1.8140123058718280e+00 1.6621705634608970e+00 1.5178038026358038e+00 1.3859515308286221e+00
1.8141481025005139e+00 1.6622048749422227e+00 1.5165364423679051e+00 1.3847196083131532e+00
1.8142736377553244e+00 1.6622373016502590e+00 1.5152710311994804e+00 1.3834874323374391e+00
1.8143889667080781e+00 1.6622678432082170e+00 1.5140076074853188e+00 1.3822550172190051e+00
1.8144941445240925e+00 1.6622964992612128e+00 1.5127462091214998e+00 1.3810223772781549e+00
1.8145892264569061e+00 1.6623232694762713e+00 1.5114868735476950e+00 1.3797895268378049e+00
1.8146742678430636e+00 1.6623481535423306e+00 1.5102296377494830e+00 1.3785564802233170e+00
1.8147493240969628e+00 1.6623711511702450e+00 1.5089745382606783e+00 1.3773232517623331e+00
1.8148144507057644e+00 1.6623922620927891e+00 1.5077216111656706e+00 1.3760898557846077e+00
1.8148697032243624e+00 1.6624114860646597e+00 1.5064708921017773e+00 1.3748563066218422e+00
1.8149151372704169e+00 1.6624288228624799e+00 1.5052224162616052e+00 1.3736226186075178e+00
1.8149508085194463e+00 1.6624442722848014e+00 1.5039762183954246e+00 1.3723888060767284e+00
1.8149767726999819e+00 1.6624578341521064e+00 1.5027323328135536e+00 1.3711548833660159e+00
1.8149930855887813e+00 1.6624695083068095e+00 1.5014907933887500e+00 1.3699208648132020e+00
1.8149998030061008e+00 1.6624792946132612e+00 1.5002516335586169e+00 1.3686867647572216e+00
1.8149969808110300e+00 1.6624871929577469e+00 1.4990148863280117e+00 1.3674525975379574e+00
1.8149999999999999e+00 1.6624932032484905e+00 1.5000000000000000e+00 1.3662183774960721e+00
1.4987500032806307e+00 1.4986998957872499e+00 1.7249982284603746e+00 1.7249884109694531e+00
1.4975000262449834e+00 1.4974036832486302e+00 1.7249929138693949e+00 1.7249537803240649e+00
1.4962500885764698e+00 1.4961114326233429e+00 1.7249840563107497e+00 1.7248963127708798e+00
1.4950002099578825e+00 1.4948232127371153e+00 1.7249716559239194e+00 1.7248162130400864e+00
1.4937504100710832e+00 1.4935390910148274e+00 1.7249557129041730e+00 1.7247136858517285e+00
1.4925007085966948e+00 1.4922591334931747e+00 1.7249362275025655e+00 1.7245889358830799e+00
1.4912511252137897e+00 1.4909834048333621e+00 1.7249132000259337e+00 1.7244421677366808e+00
1.4900016795995812e+00 1.4897119683338207e+00 1.7248866308368922e+00 1.7242735859090192e+00
1.4887523914291130e+00 1.4884448859429520e+00 1.7248565203538262e+00 1.7240833947598617e+00
1.4875032803749493e+00 1.4871822182718868e+00 1.7248228690508860e+00 1.7238717984822163e+00
1.4862543661068657e+00 1.4859240246072618e+00 1.7247856774579795e+00 1.7236390010729279e+00
1.4850056682915387e+00 1.4846703629240072e+00 1.7247449461607633e+00 1.7233852063038941e+00
1.4837572065922364e+00 1.4834212898981440e+00 1.7247006758006340e+00 1.7231106176938980e+00
1.4825090006685089e+00 1.4821768609195849e+00 1.7246528670747174e+00 1.7228154384810463e+00
1.4812610701758782e+00 1.4809371301049372e+00 1.7246015207358592e+00 1.7224998715958131e+00
1.4800134347655294e+00 1.4797021503103065e+00 1.7245466375926104e+00 1.7221641196346733e+00
1.4787661140840009e+00 1.4784719731440938e+00 1.7244882185092172e+00 1.7218083848343251e+00
1.4775191277728754e+00 1.4772466489797866e+00 1.7244262644056059e+00 1.7214328690464922e+00
1.4762724954684692e+00 1.4760262269687399e+00 1.7243607762573692e+00 1.7210377737132991e+00
1.4750262368015254e+00 1.4748107550529421e+00 1.7242917550957499e+00 1.7206232998432109e+00
1.4737803713969024e+00 1.4736002799777694e+00 1.7242192020076259e+00 1.7201896479875334e+00
1.4725349188732664e+00 1.4723948473047168e+00 1.7241431181354918e+00 1.7197370182174641e+00
1.4712898988427816e+00 1.4711945014241119e+00 1.7240635046774417e+00 1.7192656101016885e+00
1.4700453309108024e+00 1.4699992855678023e+00 1.7239803628871502e+00 1.7187756226845139e+00
1.4688012346755630e+00 1.4688092418218190e+00 1.7238936940738530e+00 1.7182672544645337e+00
1.4675576297278707e+00 1.4676244111390104e+00 1.7238034996023253e+00 1.7177407033738166e+00
1.4663145356507961e+00 1.4664448333516447e+00 1.7237097808928610e+00 1.7171961667576123e+00
1.4650719720193650e+00 1.4652705471839806e+00 1.7236125394212507e+00 1.7166338413545676e+00
1.4638299584002503e+00 1.4641015902648022e+00 1.7235117767187575e+00 1.7160539232774465e+00
1.4625885143514639e+00 1.4629379991399161e+00 1.7234074943720936e+00 1.7154566079943450e+00
1.4613476594220489e+00 1.4617798092846090e+00 1.7232996940233951e+00 1.7148420903103978e+00
1.4601074131517713e+00 1.4606270551160647e+00 1.7231883773701961e+00 1.7142105643499679e+00
1.4588677950708124e+00 1.4594797700057363e+00 1.7230735461654021e+00 1.7135622235393113e+00
1.4576288246994618e+00 1.4583379862916741e+00 1.7229552022172623e+00 1.7128972605897124e+00
1.4563905215478088e+00 1.4572017352908060e+00 1.7228333473893409e+00 1.7122158674810823e+00
1.4551529051154370e+00 1.4560710473111689e+00 1.7227079836004884e+00 1.7115182354460150e+00
1.4539159948911158e+00 1.4549459516640895e+00 1.7225791128248107e+00 1.7108045549542901e+00
1.4526798103524936e+00 1.4538264766763127e+00 1.7224467370916381e+00 1.7100750156978235e+00
1.4514443709657916e+00 1.4527126497020764e+00 1.7223108584854940e+00 1.7093298065760516e+00
1.4502096961854976e+00 1.4516044971351307e+00 1.7221714791460614e+00 1.7085691156817477e+00
1.4489758054540582e+00 1.4506932843956750e+00 1.7220286012681492e+00 1.7079291177117333e+00
1.4477427182015745e+00 1.4497855507766804e+00 1.7218822271016583e+00 1.7072784780161041e+00
1.4465104538454945e+00 1.4488813140155388e+00 1.7217323589515452e+00 1.7066172861235265e+00
1.4452790317903081e+00 1.4479805914780606e+00 1.7215789991777866e+00 1.7059456313932337e+00
1.4440484714272421e+00 1.4470834001613315e+00 1.7214221501953417e+00 1.7052636030098154e+00
1.4428187921339537e+00 1.4461897566965687e+00 1.7212618144741147e+00 1.7045712899780958e+00
1.4415900132742256e+00 1.4452996773519726e+00 1.7210979945389149e+00 1.7038687811180986e+00
1.4403621541976623e+00 1.4444131780355780e+00 1.7209306929694179e+00 1.7031561650601004e+00
1.4391352342393833e+00 1.4435302742981027e+00 1.7207599124001249e+00 1.7024335302397697e+00
1.4379092727197207e+00 1.4426509813357915e+00 1.7205856555203207e+00 1.7017009648933914e+00
1.4366842889439138e+00 1.4417753139932588e+00 1.7204079250740314e+00 1.7009585570531751e+00
1.4354603022018049e+00 1.4409032867663258e+00 1.7202267238599822e+00 1.7002063945426495e+00
1.4342373317675365e+00 1.4400349138048552e+00 1.7200420547315516e+00 1.6994445649721386e+00
1.4330153968992472e+00 1.4391702089155807e+00 1.7198539205967280e+00 1.6986731557343198e+00
1.4317945168387685e+00 1.4383091855649326e+00 1.7196623244180631e+00 1.6978922539998660e+00
1.4305747108113218e+00 1.4374518568818591e+00 1.7194672692126258e+00 1.6971019467131658e+00
1.4293559980252153e+00 1.4365982356606404e+00 1.7192687580519537e+00 1.6963023205881269e+00
1.4281383976715427e+00 1.4357483343637016e+00 1.7190667940620061e+00 1.6954934621040563e+00
1.4269219289238797e+00 1.4349021651244158e+00 1.7188613804231139e+00 1.6946754575016214e+00
1.4257066109379823e+00 1.4340597397499040e+00 1.7186525203699292e+00 1.6938483927788874e+00
1.4244924628514863e+00 1.4332210697238277e+00 1.7184402171913753e+00 1.6930123536874335e+00
1.4232795037836043e+00 1.4323861662091775e+00 1.7182244742305945e+00 1.6921674257285448e+00
1.4220677528348256e+00 1.4315550400510513e+00 1.7180052948848952e+00 1.6913136941494800e+00
1.4208572290866153e+00 1.4307277017794300e+00 1.7177826826056986e+00 1.6904512439398136e+00
1.4196479516011138e+00 1.4299041616119432e+00 1.7175566408984846e+00 1.6895801598278550e+00
1.4184399394208365e+00 1.4290844294566301e+00 1.7173271733227362e+00 1.6887005262771375e+00
1.4172332115683739e+00 1.4282685149146901e+00 1.7170942834918836e+00 1.6878124274829831e+00
1.4160277870460924e+00 1.4274564272832293e+00 1.7168579750732473e+00 1.6869159473691380e+00
1.4148236848358349e+00 1.4266481755579965e+00 1.7166182517879807e+00 1.6860111695844802e+00
1.4136209238986215e+00 1.4258437684361123e+00 1.7163751174110107e+00 1.6850981774997973e+00
1.4124195231743513e+00 1.4250432143187908e+00 1.7161285757709790e+00 1.6841770542046346e+00
1.4112195015815041e+00 1.4242465213140505e+00 1.7158786307501814e+00 1.6832478825042130e+00
1.4100208780168431e+00 1.4234536972394201e+00 1.7156252862845069e+00 1.6823107449164143e+00
1.4088236713551157e+00 1.4226647496246323e+00 1.7153685463633757e+00 1.6813657236688351e+00
1.4076279004487580e+00 1.4218796857143108e+00 1.7151084150296758e+00 1.6804129006959079e+00
1.4064335841275972e+00 1.4210985124706472e+00 1.7148448963797007e+00 1.6794523576360891e+00
1.4052407411985548e+00 1.4203212365760689e+00 1.7145779945630835e+00 1.6784841758291111e+00
1.4040493904453508e+00 1.4195478644358983e+00 1.7143077137827318e+00 1.6775084363133015e+00
1.4028595506282084e+00 1.4187784021810010e+00 1.7140340582947624e+00 1.6765252198229652e+00
1.4016712404835574e+00 1.4180128556704252e+00 1.7137570324084332e+00 1.6755346067858308e+00
1.4004844787237403e+00 1.4172512304940317e+00 1.7134766404860766e+00 1.6745366773205606e+00
1.3992992840367167e+00 1.4164935319751115e+00 1.7131928869430291e+00 1.6735315112343210e+00
1.3981156750857699e+00 1.4157397651729977e+00 1.7129057762475630e+00 1.6725191880204169e+00
1.3969336705092124e+00 1.4149899348856612e+00 1.7126153129208161e+00 1.6714997868559855e+00
1.3957532889200925e+00 1.4142440456523013e+00 1.7123215015367197e+00 1.6704733865997508e+00
1.3945745489059016e+00 1.4135021017559231e+00 1.7120243467219276e+00 1.6694400657898374e+00
1.3933974690282807e+00 1.4127641072259027e+00 1.7117238531557417e+00 1.6683999026416443e+00
1.3922220678227291e+00 1.4120300658405462e+00 1.7114200255700402e+00 1.6673529750457758e+00
1.3910483637983115e+00 1.4112999811296327e+00 1.7111128687492021e+00 1.6662993605660306e+00
1.3898763754373675e+00 1.4105738563769492e+00 1.7108023875300311e+00 1.6652391364374473e+00
1.3887061211952203e+00 1.4098516946228141e+00 1.7104885868016813e+00 1.6641723795644072e+00
1.3875376194998850e+00 1.4091334986665873e+00 1.7101714715055782e+00 1.6630991665187924e+00
1.3863708887517803e+00 1.4084192710691716e+00 1.7098510466353427e+00 1.6620195735381980e+00
1.3852059473234370e+00 1.4077090141555013e+00 1.7095273172367114e+00 1.6609336765241998e+00
1.3840428135592100e+00 1.4070027300170185e+00 1.7092002884074571e+00 1.6598415510406757e+00
1.3828815057749886e+00 1.4063004205141383e+00 1.7088699652973087e+00 1.6587432723121791e+00
1.3817220422579086e+00 1.4056020872787034e+00 1.7085363531078710e+00 1.6576389152223667e+00
1.3805644412660634e+00 1.4049077317164247e+00 1.7081994570925410e+00 1.6565285543124755e+00
1.3794087210282182e+00 1.4042173550093107e+00 1.7078592825564267e+00 1.6554122637798536e+00
1.3782548997435213e+00 1.4035309581180853e+00 1.7075158348562629e+00 1.6542901174765405e+00
1.3771029955812182e+00 1.4028485417845928e+00 1.7071691194003273e+00 1.6531621889078971e+00
1.3759530266803652e+00 1.4021701065341914e+00 1.7068191416483547e+00 1.6520285512312851e+00
1.3748050111495449e+00 1.4014956526781333e+00 1.7064659071114510e+00 1.6508892772547967e+00
1.3736589670665793e+00 1.4008251803159331e+00 1.7061094213520074e+00 1.6497444394360297e+00
1.3725149124782461e+00 1.4001586893377231e+00 1.7057496899836120e+00 1.6485941098809131e+00
1.3713728653999946e+00 1.3994961794265983e+00 1.7053867186709613e+00 1.6474383603425775e+00
1.3702328438156619e+00 1.3988376500609445e+00 1.7050205131297713e+00 1.6462772622202728e+00
1.3690948656771891e+00 1.3981831005167582e+00 1.7046510791266876e+00 1.6451108865583326e+00
1.3679589489043396e+00 1.3975325298699506e+00 1.7042784224791947e+00 1.6439393040451813e+00
1.3668251113844163e+00 1.3968859369986411e+00 1.7039025490555237e+00 1.6427625850123886e+00
1.3656933709719801e+00 1.3962433205854357e+00 1.7035234647745605e+00 1.6415807994337663e+00
1.3645637454885684e+00 1.3956046791196950e+00 1.7031411756057524e+00 1.6403940169245097e+00
1.3634362527224153e+00 1.3949700108997867e+00 1.7027556875690142e+00 1.6392023067403803e+00
1.3623109104281708e+00 1.3943393140353271e+00 1.7023670067346333e+00 1.6380057377769335e+00
1.3611877363266209e+00 1.3937125864494087e+00 1.7019751392231741e+00 1.6368043785687851e+00
1.3600667481044095e+00 1.3930898258808146e+00 1.7015800912053818e+00 1.6355982972889216e+00
1.3589479634137596e+00 1.3925721219898763e+00 1.7011818689020848e+00 1.6345862054206692e+00
1.3578313998721945e+00 1.3920568505056385e+00 1.7007804785840976e+00 1.6335702290397864e+00
1.3567170750622615e+00 1.3915440145151390e+00 1.7003759265721208e+00 1.6325503996395117e+00
1.3556050065312546e+00 1.3910336170302176e+00 1.6999682192366425e+00 1.6315267486615890e+00
1.3544952117909377e+00 1.3905256609878822e+00 1.6995573629978382e+00 1.6304993074955973e+00
1.3533877083172696e+00 1.3900201492506747e+00 1.6991433643254685e+00 1.6294681074782889e+00
1.3522825135501286e+00 1.3895170846070357e+00 1.6987262297387786e+00 1.6284331798929337e+00
1.3511796448930375e+00 1.3890164697716720e+00 1.6983059658063946e+00 1.6273945559686709e+00
1.3500791197128899e+00 1.3885183073859226e+00 1.6978825791462204e+00 1.6263522668798664e+00
1.3489809553396765e+00 1.3880226000181239e+00 1.6974560764253341e+00 1.6253063437454789e+00
1.3478851690662126e+00 1.3875293501639776e+00 1.6970264643598818e+00 1.6242568176284302e+00
1.3467917781478651e+00 1.3870385602469155e+00 1.6965937497149728e+00 1.6232037195349849e+00
1.3457007998022816e+00 1.3865502326184671e+00 1.6961579393045729e+00 1.6221470804141358e+00
1.3446122512091188e+00 1.3860643695586257e+00 1.6957190399913971e+00 1.6210869311569944e+00
1.3435261495097717e+00 1.3855809732762145e+00 1.6952770586868007e+00 1.6200233025961912e+00
1.3424425118071046e+00 1.3851000459092537e+00 1.6948320023506720e+00 1.6189562255052792e+00
1.3413613551651806e+00 1.3846215895253255e+00 1.6943838779913214e+00 1.6178857305981471e+00
1.3402826966089938e+00 1.3841451866861050e+00 1.6939326926653717e+00 1.6168108982684999e+00
1.3392065531242012e+00 1.3836710315828016e+00 1.6934784534776466e+00 1.6157321744770738e+00
1.3381329416568541e+00 1.3831991293896468e+00 1.6930211675810596e+00 1.6146495841801478e+00
1.3370618791131330e+00 1.3827294852250680e+00 1.6925608421764997e+00 1.6135631523481242e+00
1.3359933823590799e+00 1.3822621041517644e+00 1.6920974845127204e+00 1.6124729039649510e+00
1.3349274682203331e+00 1.3817969911767822e+00 1.6916311018862231e+00 1.6113788640275453e+00
1.3338641534818629e+00 1.3813341512515920e+00 1.6911617016411440e+00 1.6102810575452176e+00
1.3328034548877066e+00 1.3808735892721651e+00 1.6906892911691376e+00 1.6091795095390999e+00
1.3317453891407047e+00 1.3804153100790544e+00 1.6902138779092608e+00 1.6080742450415748e+00
1.3306899729022390e+00 1.3799593184574721e+00 1.6897354693478548e+00 1.6069652890957073e+00
1.3296372227919686e+00 1.3795056191373722e+00 1.6892540730184284e+00 1.6058526667546780e+00
1.3285871553875694e+00 1.3790542167935305e+00 1.6887696965015386e+00 1.6047364030812181e+00
1.3275397872244730e+00 1.3786051160456290e+00 1.6882823474246720e+00 1.6036165231470489e+00
1.3264951347956051e+00 1.3781583214583384e+00 1.6877920334621230e+00 1.6024930520323197e+00
1.3254532145511275e+00 1.3777138375414031e+00 1.6872987623348754e+00 1.6013660148250513e+00
1.3244140428981781e+00 1.3772716687497271e+00 1.6868025418104788e+00 1.6002354366205784e+00
1.3233776362006124e+00 1.3768318194834601e+00 1.6863033797029272e+00 1.5991013425209968e+00
1.3223440107787463e+00 1.3763942940880849e+00 1.6858012838725356e+00 1.5979637576346115e+00
1.3213131829090987e+00 1.3759590968545063e+00 1.6852962622258165e+00 1.5968227070753869e+00
1.3202851688241359e+00 1.3755262320191404e+00 1.6847883227153555e+00 1.5956782159623988e+00
1.3192599847120148e+00 1.3750957037640039e+00 1.6842774733396857e+00 1.5945303094192895e+00
1.3182376467163290e+00 1.3746675162168069e+00 1.6837637221431618e+00 1.5933790125737246e+00
1.3172181709358544e+00 1.3742416734510434e+00 1.6832470772158334e+00 1.5922243505568514e+00
1.3162015734242951e+00 1.3738181794860855e+00 1.6827275466933183e+00 1.5910663485027596e+00
1.3151878701900315e+00 1.3733970382872760e+00 1.6822051387566730e+00 1.5899050315479457e+00
1.3141770771958676e+00 1.3729782537660244e+00 1.6816798616322655e+00 1.5887404248307764e+00
1.3131692103587800e+00 1.3725618297799020e+00 1.6811517235916444e+00 1.5875725534909573e+00
1.3121642855496662e+00 1.3721477701327383e+00 1.6806207329514096e+00 1.5864014426690021e+00
1.3111623185930970e+00 1.3717360785747184e+00 1.6800868980730808e+00 1.5852271175057040e+00
1.3101633252670641e+00 1.3713267588024816e+00 1.6795502273629654e+00 1.5840496031416103e+00
1.3091673213027348e+00 1.3709198144592194e+00 1.6790107292720278e+00 1.5828689247164969e+00
1.3081743223842024e+00 1.3705152491347772e+00 1.6784684122957545e+00 1.5816851073688480e+00
1.3071843441482394e+00 1.3701130663657535e+00 1.6779232849740209e+00 1.5804981762353361e+00
1.3061974021840517e+00 1.3697132696356022e+00 1.6773753558909574e+00 1.5793081564503035e+00
1.3052135120330335e+00 1.3693158623747348e+00 1.6768246336748136e+00 1.5781150731452480e+00
1.3042326891885210e+00 1.3689208479606236e+00 1.6762711269978228e+00 1.5769189514483095e+00
1.3030397273854217e+00 1.3685282297179064e+00 1.6755917851322031e+00 1.5757198164837589e+00
1.3018525442783782e+00 1.3681380109184902e+00 1.6749089935247494e+00 1.5745176933714893e+00
1.3006711529724004e+00 1.3677501947816577e+00 1.6742227795367590e+00 1.5733126072265091e+00
1.2994955663337764e+00 1.3673647844741739e+00 1.6735331705046661e+00 1.5721045831584384e+00
1.2983257969910820e+00 1.3669817831103919e+00 1.6728401937391728e+00 1.5708936462710059e+00
1.2971618573361905e+00 1.3666011937523632e+00 1.6721438765243914e+00 1.5696798216615493e+00
1.2960037595252871e+00 1.3662230194099445e+00 1.6714442461169929e+00 1.5684631344205173e+00
1.2948515154798859e+00 1.3658472630409082e+00 1.6707413297453624e+00 1.5672436096309739e+00
1.2937051368878489e+00 1.3654739275510523e+00 1.6700351546087631e+00 1.5660212723681048e+00
1.2925646352044089e+00 1.3651030157943120e+00 1.6693257478765082e+00 1.5647961476987271e+00
1.2914300216531942e+00 1.3647345305728709e+00 1.6686131366871395e+00 1.5635682606807986e+00
1.2903013072272564e+00 1.3643684746372737e+00 1.6678973481476145e+00 1.5623376363629320e+00
1.2891785026900995e+00 1.3640048506865399e+00 1.6671784093324993e+00 1.5611042997839104e+00
1.2880616185767135e+00 1.3636436613682770e+00 1.6664563472831717e+00 1.5598682759722045e+00
1.2869506651946085e+00 1.3632849092787962e+00 1.6657311890070297e+00 1.5586295899454918e+00
1.2858456526248514e+00 1.3629285969632270e+00 1.6650029614767075e+00 1.5573882667101799e+00
1.2847465907231059e+00 1.3625747269156339e+00 1.6642716916293006e+00 1.5561443312609298e+00
1.2836534891206735e+00 1.3622233015791330e+00 1.6635374063655970e+00 1.5548978085801819e+00
1.2825663572255359e+00 1.3618743233460093e+00 1.6628001325493160e+00 1.5536487236376861e+00
1.2814852042234020e+00 1.3615277945578355e+00 1.6620598970063538e+00 1.5523971013900311e+00
1.2804100390787538e+00 1.3611837175055903e+00 1.6613167265240385e+00 1.5511429667801784e+00
1.2793408705358960e+00 1.3608420944297788e+00 1.6605706478503894e+00 1.5498863447369973e+00
1.2782777071200067e+00 1.3605029275205516e+00 1.6598216876933869e+00 1.5486272601748021e+00
1.2772205571381898e+00 1.3601662189178267e+00 1.6590698727202466e+00 1.5473657379928931e+00
1.2761689793945981e+00 1.3598319707114108e+00 1.6583149054676687e+00 1.5461018030750964e+00
1.2751229259950985e+00 1.3595001849411212e+00 1.6575567626690524e+00 1.5448354802893098e+00
1.2740824127450723e+00 1.3591708635969093e+00 1.6567954662911049e+00 1.5435667944870493e+00
1.2730474552774935e+00 1.3588440086189832e+00 1.6560310383237813e+00 1.5422957705029963e+00
1.2720180690530880e+00 1.3585196218979330e+00 1.6552635007796281e+00 1.5410224331545495e+00
1.2709942693604979e+00 1.3581977052748542e+00 1.6544928756931288e+00 1.5397468072413780e+00
1.2699760713164505e+00 1.3579280020795990e+00 1.6537191851200497e+00 1.5386687011603675e+00
1.2689634898659319e+00 1.3576599497194799e+00 1.6529424511367916e+00 1.5375885527755999e+00
1.2679565397823624e+00 1.3573935513091875e+00 1.6521626958397397e+00 1.5365063746380845e+00
1.2669552356677798e+00 1.3571288099441934e+00 1.6513799413446180e+00 1.5354221793224150e+00
1.2659595919530240e+00 1.3568657287007149e+00 1.6505942097858446e+00 1.5343359794266247e+00
1.2649696228979275e+00 1.3566043106356793e+00 1.6498055233158901e+00 1.5332477875720389e+00
1.2639853425915082e+00 1.3563445587866882e+00 1.6490139041046379e+00 1.5321576164031296e+00
1.2630067649521690e+00 1.3560864761719822e+00 1.6482193743387454e+00 1.5310654785873674e+00
1.2620339037278989e+00 1.3558300657904061e+00 1.6474219562210091e+00 1.5299713868150746e+00
1.2610667724964797e+00 1.3555753306213734e+00 1.6466216719697313e+00 1.5288753537992785e+00
1.2601053846656964e+00 1.3553222736248327e+00 1.6458185438180886e+00 1.5277773922755626e+00
1.2591497534735510e+00 1.3550708977412320e+00 1.6450125940135023e+00 1.5266775150019192e+00
1.2581998919884811e+00 1.3548212058914861e+00 1.6442038448170126e+00 1.5255757347586012e+00
1.2572558131095828e+00 1.3545732009769411e+00 1.6433923185026535e+00 1.5244720643479732e+00
1.2563175295668354e+00 1.3543268858793420e+00 1.6425780373568295e+00 1.5233665165943633e+00
1.2553850539213331e+00 1.3540822634607981e+00 1.6417610236776965e+00 1.5222591043439135e+00
1.2544583985655184e+00 1.3538393365637502e+00 1.6409412997745438e+00 1.5211498404644308e+00
1.2535375757234191e+00 1.3535981080109387e+00 1.6401188879671775e+00 1.5200387378452378e+00
1.2526225974508911e+00 1.3533585806053683e+00 1.6392938105853077e+00 1.5189258093970226e+00
1.2517134756358641e+00 1.3531207571302777e+00 1.6384660899679371e+00 1.5178110680516885e+00
1.2508102219985897e+00 1.3528846403491062e+00 1.6376357484627522e+00 1.5166945267622047e+00
1.2499128480918948e+00 1.3526502330054619e+00 1.6368028084255157e+00 1.5155761985024547e+00
1.2490213653014395e+00 1.3524175378230898e+00 1.6359672922194639e+00 1.5144560962670870e+00
1.2481357848459755e+00 1.3521865575058398e+00 1.6351292222147031e+00 1.5133342330713619e+00
1.2472561177776120e+00 1.3519572947376359e+00 1.6342886207876104e+00 1.5122106219510028e+00
1.2463823749820826e+00 1.3517297521824445e+00 1.6334455103202354e+00 1.5110852759620421e+00
1.2455145671790169e+00 1.3515039324842437e+00 1.6325999131997071e+00 1.5099582081806724e+00
1.2446527049222151e+00 1.3512798382669924e+00 1.6317518518176382e+00 1.5088294317030917e+00
1.2437967985999274e+00 1.3510574721345998e+00 1.6309013485695369e+00 1.5076989596453534e+00
1.2429468584351349e+00 1.3508368366708958e+00 1.6300484258542176e+00 1.5065668051432128e+00
1.2421028944858363e+00 1.3506179344395997e+00 1.6291931060732154e+00 1.5054329813519745e+00
1.2411427655529310e+00 1.3504007679842918e+00 1.6282096739608622e+00 1.5042975014463400e+00
1.2401909135830795e+00 1.3501853398283830e+00 1.6272235671098947e+00 1.5031603786202541e+00
1.2392473431008288e+00 1.3499716524750851e+00 1.6262348231330817e+00 1.5020216260867525e+00
1.2383120583152261e+00 1.3497597084073831e+00 1.6252434795581381e+00 1.5008812570778067e+00
1.2373850631216294e+00 1.3495495100880051e+00 1.6242495738266609e+00 1.4997392848441717e+00
1.2364663611035247e+00 1.3493410599593942e+00 1.6232531432930761e+00 1.4985957226552318e+00
1.2355559555343398e+00 1.3491343604436803e+00 1.6222542252235990e+00 1.4974505837988454e+00
1.2346538493792645e+00 1.3489294139426509e+00 1.6212528567952069e+00 1.4963038815811920e+00
1.2337600452970681e+00 1.3487262228377248e+00 1.6202490750946246e+00 1.4951556293266162e+00
1.2328745456419221e+00 1.3485247894899235e+00 1.6192429171173206e+00 1.4940058403774743e+00
1.2319973524652219e+00 1.3483251162398435e+00 1.6182344197665184e+00 1.4928545280939778e+00
1.2311284675174101e+00 1.3481272054076294e+00 1.6172236198522165e+00 1.4917017058540396e+00
1.2302678922498016e+00 1.3479310592929479e+00 1.6162105540902238e+00 1.4905473870531174e+00
1.2294156278164092e+00 1.3477366801749591e+00 1.6151952591012055e+00 1.4893915851040589e+00
1.2285716750757698e+00 1.3475440703122916e+00 1.6141777714097414e+00 1.4882343134369451e+00
1.2277360345927715e+00 1.3473532319430161e+00 1.6131581274433953e+00 1.4870755854989348e+00
1.2269087066404827e+00 1.3471641672846184e+00 1.6121363635317987e+00 1.4859154147541087e+00
1.2260896912019783e+00 1.3469768785339749e+00 1.6111125159057444e+00 1.4847538146833117e+00
1.2252789879721711e+00 1.3467913678673260e+00 1.6100866206962923e+00 1.4835907987839976e+00
1.2244765963596385e+00 1.3466076374402516e+00 1.6090587139338874e+00 1.4824263805700717e+00
1.2236825154884532e+00 1.3464256893876456e+00 1.6080288315474895e+00 1.4812605735717337e+00
1.2228967442000125e+00 1.3462455258236912e+00 1.6069970093637149e+00 1.4800933913353205e+00
1.2221192810548669e+00 1.3460671488418363e+00 1.6059632831059891e+00 1.4789248474231489e+00
1.2213501243345501e+00 1.3458905605147697e+00 1.6049276883937107e+00 1.4777549554133580e+00
1.2205892720434077e+00 1.3457157628943959e+00 1.6038902607414287e+00 1.4765837288997514e+00
1.2198367219104256e+00 1.3455427580118122e+00 1.6028510355580297e+00 1.4754111814916391e+00
1.2190924713910585e+00 1.3453715478772852e+00 1.6018100481459363e+00 1.4742373268136799e+00
1.2183565176690574e+00 1.3452021344802263e+00 1.6007673337003188e+00 1.4730621785057223e+00
1.2176288576582968e+00 1.3450345197891698e+00 1.5997229273083153e+00 1.4718857502226466e+00
1.2169094880046010e+00 1.3448687057517494e+00 1.5986768639482665e+00 1.4707080556342058e+00
1.2161984050875692e+00 1.3447046942946761e+00 1.5976291784889582e+00 1.4695291084248674e+00
1.2154956050224008e+00 1.3445424873237148e+00 1.5965799056888779e+00 1.4683489222936537e+00
1.2148010836617174e+00 1.3443820867236633e+00 1.5955290801954805e+00 1.4671675109539828e+00
1.2141148365973868e+00 1.3442234943583298e+00 1.5944767365444661e+00 1.4659848881335098e+00
1.2134368591623435e+00 1.3440667120705112e+00 1.5934229091590686e+00 1.4648010675739664e+00
1.2127671464324077e+00 1.3439117416819719e+00 1.5923676323493545e+00 1.4636160630310022e+00
1.2121056932281051e+00 1.3437585849934228e+00 1.5913109403115342e+00 1.4624298882740234e+00
1.2114524941164830e+00 1.3436072437844995e+00 1.5902528671272818e+00 1.4612425570860350e+00
1.2108075434129257e+00 1.3434577198137427e+00 1.5891934467630671e+00 1.4600540832634785e+00
1.2101708351829683e+00 1.3433100148185777e+00 1.5881327130694995e+00 1.4588644806160727e+00
1.2095423632441085e+00 1.3431641305152933e+00 1.5870706997806794e+00 1.4576737629666527e+00
1.2089221211676167e+00 1.3430200685990221e+00 1.5860074405135627e+00 1.4564819441510108e+00
1.2083101022803437e+00 1.3428778307437219e+00 1.5849429687673349e+00 1.4552890380177328e+00
1.2077062996665284e+00 1.3427374186021548e+00 1.5838773179227961e+00 1.4540950584280403e+00
1.2071107061695991e+00 1.3425988338058692e+00 1.5828105212417551e+00 1.4529000192556272e+00
1.2065233143939775e+00 1.3424620779651797e+00 1.5817426118664362e+00 1.4517039343864999e+00
1.2059441167068772e+00 1.3423271526691494e+00 1.5806736228188940e+00 1.4505068177188154e+00
1.2053731052401013e+00 1.3421940594855708e+00 1.5796035870004395e+00 1.4493086831627195e+00
1.2048102718918370e+00 1.3420627999609478e+00 1.5785325371910761e+00 1.4481095446401866e+00
1.2042556083284475e+00 1.3419333756204777e+00 1.5774605060489462e+00 1.4469094160848559e+00
1.2037091059862624e+00 1.3418057879680336e+00 1.5763875261097875e+00 1.4457083114418705e+00
1.2031707560733635e+00 1.3416800384861469e+00 1.5753136297863986e+00 1.4445062446677162e+00
1.2026405495713708e+00 1.3415561286359898e+00 1.5742388493681159e+00 1.4433032297300576e+00
1.2021184772372218e+00 1.3414340598573584e+00 1.5731632170202994e+00 1.4420992806075774e+00
1.2016045296049520e+00 1.3413138335686565e+00 1.5720867647838284e+00 1.4408944112898125e+00
1.2010986969874691e+00 1.3411954511668784e+00 1.5710095245746074e+00 1.4396886357769927e+00
1.2006009694783257e+00 1.3410789140275932e+00 1.5699315281830819e+00 1.4384819680798777e+00
1.2001113369534897e+00 1.3409642235049279e+00 1.5688528072737624e+00 1.4372744222195935e+00
1.1996297890731096e+00 1.3408513809315536e+00 1.5677733933847597e+00 1.4360660122274704e+00
1.1991563152832774e+00 1.3407403876186674e+00 1.5666933179273284e+00 1.4348567521448803e+00
1.1986909048177889e+00 1.3406312448559796e+00 1.5656126121854215e+00 1.4336466560230716e+00
1.1982335466998997e+00 1.3405239539116973e+00 1.5645313073152520e+00 1.4324357379230082e+00
1.1977842297440779e+00 1.3404185160325097e+00 1.5634494343448666e+00 1.4312240119152049e+00
1.1973429425577535e+00 1.3403149324435741e+00 1.5623670241737257e+00 1.4300114920795641e+00
1.1969096735430644e+00 1.3402132043485020e+00 1.5612841075722963e+00 1.4287981925052124e+00
1.1964844108985981e+00 1.3401133329293438e+00 1.5602007151816499e+00 1.4275841272903365e+00
1.1960671426211300e+00 1.3400153193465763e+00 1.5591168775130726e+00 1.4263693105420199e+00
1.1956578565073583e+00 1.3399191647390885e+00 1.5580326249476837e+00 1.4251537563760781e+00
1.1952565401556348e+00 1.3398248702241693e+00 1.5569479877360615e+00 1.4239374789168961e+00
1.1948631809676913e+00 1.3397324368974932e+00 1.5558629959978809e+00 1.4227204922972627e+00
1.1944777661503634e+00 1.3396418658331086e+00 1.5547776797215573e+00 1.4215028106582070e+00
1.1941002827173079e+00 1.3395531580834246e+00 1.5536920687639009e+00 1.4202844481488344e+00
1.1937307174907190e+00 1.3394663146791994e+00 1.5526061928497783e+00 1.4190654189261611e+00
1.1932975438638020e+00 1.3393813366295282e+00 1.5513024415619385e+00 1.4178457371549513e+00
1.1928760621464587e+00 1.3392982249218310e+00 1.5499994224320426e+00 1.4166254170075505e+00
1.1924662220246607e+00 1.3392169805218417e+00 1.5486971870086814e+00 1.4154044726637232e+00
1.1920679729234664e+00 1.3391376043735961e+00 1.5473957863264076e+00 1.4141829183104855e+00
1.1916812640141161e+00 1.3390600973994224e+00 1.5460952709074813e+00 1.4129607681419429e+00
1.1913060442210519e+00 1.3389844604999286e+00 1.5447956907636466e+00 1.4117380363591232e+00
1.1909422622288703e+00 1.3389106945539937e+00 1.5434970953979337e+00 1.4105147371698130e+00
1.1905898664892030e+00 1.3388388004187564e+00 1.5421995338064900e+00 1.4092908847883914e+00
1.1902488052275277e+00 1.3387687789296052e+00 1.5409030544804370e+00 1.4080664934356659e+00
1.1899190264499091e+00 1.3387006309001699e+00 1.5396077054077517e+00 1.4068415773387069e+00
1.1896004779496689e+00 1.3386343571223103e+00 1.5383135340751755e+00 1.4056161507306810e+00
1.1892931073139894e+00 1.3385699583661084e+00 1.5370205874701450e+00 1.4043902278506883e+00
1.1889968619304447e+00 1.3385074353798592e+00 1.5357289120827500e+00 1.4031638229435948e+00
1.1887116889934646e+00 1.3384467888900613e+00 1.5344385539077112e+00 1.4019369502598669e+00
1.1884375355107306e+00 1.3383880196014093e+00 1.5331495584463832e+00 1.4007096240554073e+00
1.1881743483095022e+00 1.3383311281967851e+00 1.5318619707087791e+00 1.3994818585913884e+00
1.1879220740428758e+00 1.3382761153372504e+00 1.5305758352156151e+00 1.3982536681340860e+00
1.1876806591959759e+00 1.3382229816620383e+00 1.5292911960003785e+00 1.3970250669547148e+00
1.1874500500920802e+00 1.3381717277885468e+00 1.5280080966114140e+00 1.3957960693292617e+00
1.1872301928986746e+00 1.3381223543123308e+00 1.5267265801140306e+00 1.3945666895383206e+00
1.1870210336334448e+00 1.3380748618070961e+00 1.5254466890926281e+00 1.3933369418669255e+00
1.1868225181701990e+00 1.3380292508246912e+00 1.5241684656528411e+00 1.3921068406043853e+00
1.1866345922447261e+00 1.3379855218951024e+00 1.5228919514237029e+00 1.3908764000441176e+00
1.1864572014605876e+00 1.3379436755264476e+00 1.5216171875598246e+00 1.3896456344834824e+00
1.1862902912948430e+00 1.3379037122049688e+00 1.5203442147435937e+00 1.3884145582236163e+00
1.1861338071037124e+00 1.3378656323950286e+00 1.5190730731873876e+00 1.3871831855692660e+00
1.1859876941281720e+00 1.3378294365391030e+00 1.5178038026358038e+00 1.3859515308286221e+00
1.1858518974994861e+00 1.3377951250577773e+00 1.5165364423679051e+00 1.3847196083131532e+00
1.1857263622446756e+00 1.3377626983497410e+00 1.5152710311994804e+00 1.3834874323374391e+00
1.1856110332919219e+00 1.3377321567917830e+00 1.5140076074853188e+00 1.3822550172190051e+00
1.1855058554759075e+00 1.3377035007387872e+00 1.5127462091214998e+00 1.3810223772781549e+00
1.1854107735430939e+00 1.3376767305237287e+00 1.5114868735476950e+00 1.3797895268378049e+00
1.1853257321569364e+00 1.3376518464576694e+00 1.5102296377494830e+00 1.3785564802233170e+00
1.1852506759030372e+00 1.3376288488297550e+00 1.5089745382606783e+00 1.3773232517623331e+00
1.1851855492942356e+00 1.3376077379072109e+00 1.5077216111656706e+00 1.3760898557846077e+00
1.1851302967756376e+00 1.3375885139353403e+00 1.5064708921017773e+00 1.3748563066218422e+00
1.1850848627295831e+00 1.3375711771375201e+00 1.5052224162616052e+00 1.3736226186075178e+00
1.1850491914805537e+00 1.3375557277151986e+00 1.5039762183954246e+00 1.3723888060767284e+00
1.1850232273000181e+00 1.3375421658478936e+00 1.5027323328135536e+00 1.3711548833660159e+00
1.1850069144112187e+00 1.3375304916931905e+00 1.5014907933887500e+00 1.3699208648132020e+00
1.1850001969938992e+00 1.3375207053867388e+00 1.5002516335586169e+00 1.3686867647572216e+00
1.1850030191889700e+00 1.3375128070422531e+00 1.4990148863280117e+00 1.3674525975379574e+00
1.1850000000000001e+00 1.3375067967515095e+00 1.5000000000000000e+00 1.3662183774960721e+00
