2.0000000000000001e-01 4.0000000000000002e-01 1.3541666666666666e-01 6.0416666666666663e-01
2.0000000000000001e-01 4.1562500000000002e-01 1.2842895423697981e-01 6.1814209152604027e-01
2.0000000000000001e-01 4.3125000000000002e-01 1.2144124180729296e-01 6.3211751638541402e-01
2.0000000000000001e-01 4.4687500000000002e-01 1.1445352937760614e-01 6.4609294124478767e-01
2.0000000000000001e-01 4.6250000000000002e-01 1.0746581694791929e-01 6.6006836610416142e-01
2.0000000000000001e-01 4.7812500000000002e-01 1.0047810451823244e-01 6.7404379096353506e-01
2.0000000000000001e-01 4.9375000000000002e-01 9.3490392088545593e-02 6.8801921582290870e-01
2.0000000000000001e-01 5.0000000000000000e-01 8.6502679658858758e-02 7.0199464068228246e-01
2.0000000000000001e-01 5.9999999999999998e-01 7.9514967229171923e-02 7.1597006554165610e-01
2.0000000000000001e-01 5.8437499999999998e-01 1.4240437909635351e-01 6.1814209152604027e-01
2.0000000000000001e-01 5.6874999999999998e-01 1.4939209152604035e-01 6.3211751638541402e-01
2.0000000000000001e-01 5.5312499999999998e-01 1.5637980395572720e-01 6.4609294124478767e-01
2.0000000000000001e-01 5.3749999999999998e-01 1.9791666666666666e-01 6.0416666666666663e-01
2.0000000000000001e-01 5.2187499999999998e-01 1.9092895423697981e-01 6.1814209152604027e-01
2.0000000000000001e-01 5.0624999999999998e-01 1.8394124180729296e-01 6.3211751638541402e-01
2.0781250000000001e-01 5.0000000000000000e-01 1.7695352937760614e-01 6.4609294124478767e-01
2.2343750000000001e-01 5.0000000000000000e-01 2.0490437909635351e-01 6.1814209152604027e-01
2.3906250000000001e-01 5.0000000000000000e-01 2.1189209152604035e-01 6.3211751638541402e-01
2.5468750000000001e-01 5.0000000000000000e-01 2.1887980395572720e-01 6.4609294124478767e-01
2.7031250000000001e-01 5.0000000000000000e-01 2.2586751638541402e-01 6.6006836610416142e-01
2.8593750000000001e-01 5.0000000000000000e-01 2.3285522881510087e-01 6.7404379096353506e-01
2.9999999999999999e-01 4.0000000000000002e-01 2.3984294124478772e-01 6.8801921582290870e-01
2.9999999999999999e-01 4.1562500000000002e-01 2.4683065367447457e-01 7.0199464068228246e-01
2.9999999999999999e-01 4.3125000000000002e-01 2.5381836610416142e-01 7.1597006554165610e-01
2.9999999999999999e-01 4.4687500000000002e-01 2.9715447154471547e-01 6.3541666666666663e-01
2.9999999999999999e-01 4.6250000000000002e-01 2.9323743918113837e-01 6.5036659289612242e-01
2.9999999999999999e-01 4.7812500000000002e-01 2.8249285224085474e-01 6.6147502610185238e-01
2.9999999999999999e-01 4.9375000000000002e-01 2.6768161102132487e-01 6.6588757302402535e-01
2.9999999999999999e-01 5.0000000000000000e-01 2.5260957241737664e-01 6.6247039741768421e-01
2.9999999999999999e-01 5.9999999999999998e-01 2.4114960712159672e-01 6.5210156757902837e-01
2.9999999999999999e-01 5.8437499999999998e-01 2.3624643713864213e-01 6.3744543026656664e-01
2.9999999999999999e-01 5.6874999999999998e-01 2.3915996790179520e-01 6.2226798729037203e-01
2.9999999999999999e-01 5.5312499999999998e-01 2.4914154634553040e-01 6.1046919376836140e-01
2.9999999999999999e-01 5.3749999999999998e-01 2.6362633279312542e-01 6.0508083609917807e-01
2.9999999999999999e-01 5.2187499999999998e-01 2.7889235529404582e-01 6.0748749224513476e-01
2.9999999999999999e-01 5.0624999999999998e-01 2.9101689757282401e-01 6.1707075428546321e-01
3.4999999999999998e-01 4.0000000000000002e-01 2.9688446970229071e-01 6.3136813286018745e-01
3.4999999999999998e-01 4.1562500000000002e-01 3.1878302845528456e-01 6.0492886178861782e-01
3.4999999999999998e-01 4.3125000000000002e-01 3.1878302845528456e-01 6.2055386178861782e-01
3.4999999999999998e-01 4.4687500000000002e-01 3.1878302845528456e-01 6.3617886178861782e-01
3.4999999999999998e-01 4.6250000000000002e-01 3.1878302845528456e-01 6.5180386178861782e-01
3.4999999999999998e-01 4.7812500000000002e-01 3.1878302845528456e-01 6.6590447154471544e-01
3.4999999999999998e-01 4.9375000000000002e-01 3.1617886178861787e-01 6.0416666666666663e-01
3.5952380952380952e-01 5.2857142857142858e-01 3.3180386178861787e-01 6.0416666666666663e-01
3.5649516848483770e-01 5.3553675226809738e-01 3.4742886178861787e-01 6.0416666666666663e-01
3.4933550534194058e-01 5.3807202827330081e-01 3.6305386178861787e-01 6.0416666666666663e-01
3.4259847051527448e-01 5.3456478398659824e-01 3.7715447154471549e-01 6.0416666666666663e-01
3.4056891663781425e-01 5.2724567804387501e-01 3.7975863821138217e-01 6.0492886178861782e-01
3.4453766964401683e-01 5.2076976881674109e-01 3.7975863821138217e-01 6.2055386178861782e-01
3.5198054460597533e-01 5.1925582923968683e-01 3.7975863821138217e-01 6.3617886178861782e-01
3.5816376424656787e-01 5.2366674701476612e-01 3.7975863821138217e-01 6.5180386178861782e-01
4.9871794871794878e-01 4.0000000000000002e-01 3.7975863821138217e-01 6.6590447154471544e-01
4.9871794871794878e-01 4.1562500000000002e-01 4.0541666666666665e-01 6.0416666666666663e-01
4.9871794871794878e-01 4.3125000000000002e-01 4.0541666666666665e-01 6.1979166666666663e-01
4.9871794871794878e-01 4.4687500000000002e-01 4.0541666666666665e-01 6.3541666666666663e-01
4.9871794871794878e-01 4.6250000000000002e-01 4.0541666666666665e-01 6.5104166666666663e-01
4.9871794871794878e-01 4.7812500000000002e-01 4.0541666666666665e-01 6.6666666666666663e-01
4.9871794871794878e-01 4.9375000000000002e-01 4.0541666666666665e-01 6.8229166666666663e-01
4.9871794871794878e-01 5.0937500000000002e-01 4.0541666666666665e-01 6.9791666666666663e-01
4.9871794871794878e-01 5.2500000000000002e-01 4.0541666666666665e-01 7.1354166666666663e-01
4.9871794871794878e-01 5.4062500000000002e-01 4.9325203252032523e-01 6.2916666666666665e-01
4.9871794871794878e-01 5.5625000000000002e-01 4.8996585282033439e-01 6.4432097945707156e-01
4.9871794871794878e-01 5.7187500000000002e-01 4.8069765779748974e-01 6.5675290345091009e-01
4.9871794871794878e-01 5.8750000000000002e-01 4.6711242762235766e-01 6.6422911199928147e-01
5.0000000000000000e-01 5.0000000000000000e-01 4.5165067404489823e-01 6.6540654542839006e-01
5.1104854345603978e-01 5.1104854345603978e-01 4.3709001590515528e-01 6.6007368431004110e-01
5.2209708691207957e-01 5.2209708691207957e-01 4.2604619521258275e-01 6.4918854776150081e-01
5.3314563036811946e-01 5.3314563036811946e-01 4.2050317350608879e-01 6.3470659058950918e-01
5.4419417382415924e-01 5.4419417382415924e-01 4.2145672409467089e-01 6.1922941660828523e-01
5.5524271728019903e-01 5.5524271728019903e-01 4.2873554686890009e-01 6.0553741484844659e-01
5.6629126073623881e-01 5.6629126073623881e-01 4.4103204142176228e-01 5.9609027798686298e-01
5.7733980419227859e-01 5.7733980419227859e-01 4.5613721025724785e-01 5.9258513210950836e-01
5.8838834764831849e-01 5.8838834764831849e-01 4.7133749301952166e-01 5.9565165736082848e-01
5.9943689110435827e-01 5.9943689110435827e-01 4.8390224265985338e-01 6.0473896937516169e-01
5.0000000000000000e-01 5.0000000000000000e-01 4.9157427113378360e-01 6.1821458261780360e-01
5.1104854345603978e-01 4.8895145654396022e-01 4.9585619918699186e-01 5.9166666666666667e-01
5.2209708691207957e-01 4.7790291308792038e-01 4.9585619918699186e-01 6.0729166666666667e-01
5.3314563036811946e-01 4.6685436963188059e-01 4.9585619918699186e-01 6.2291666666666667e-01
5.4419417382415924e-01 4.5580582617584076e-01 4.9585619918699186e-01 6.3854166666666667e-01
5.5524271728019903e-01 4.4475728271980097e-01 4.9585619918699186e-01 6.5416666666666667e-01
5.6629126073623881e-01 4.3370873926376119e-01 4.9585619918699186e-01 6.6979166666666667e-01
5.7733980419227859e-01 4.2266019580772141e-01 4.9585619918699186e-01 6.8541666666666667e-01
5.8838834764831849e-01 4.1161165235168157e-01 4.9585619918699186e-01 7.0104166666666667e-01
5.9943689110435827e-01 4.0056310889564173e-01 4.9585619918699186e-01 7.1666666666666667e-01
7.0999999999999996e-01 5.9999999999999998e-01 4.9585619918699186e-01 7.3229166666666667e-01
7.2171874999999996e-01 5.9999999999999998e-01 4.9585619918699186e-01 7.0325203252032520e-01
7.3343749999999996e-01 5.9999999999999998e-01 6.3666666666666660e-01 5.9166666666666667e-01
7.0999999999999996e-01 5.9999999999999998e-01 6.2967895423697973e-01 6.0564209152604032e-01
6.9832887554198331e-01 5.9878177838164715e-01 6.2269124180729296e-01 6.1961751638541407e-01
6.8694211140647143e-01 5.9515679480481720e-01 6.1570352937760608e-01 6.3359294124478771e-01
6.7611713963812370e-01 5.8921336993669948e-01 6.0871581694791921e-01 6.4756836610416146e-01
6.6611770452946528e-01 5.8109631195052180e-01 6.0172810451823233e-01 6.6154379096353511e-01
6.5718743664090995e-01 5.7100338835660802e-01 6.4365437909635348e-01 6.0564209152604032e-01
6.4954391688044799e-01 5.5918050750924775e-01 6.5064209152604024e-01 6.1961751638541407e-01
6.4337337526832949e-01 5.4591572718923043e-01 6.5762980395572712e-01 6.3359294124478771e-01
6.3882615354833094e-01 5.3153223623952683e-01 6.6461751638541400e-01 6.4756836610416146e-01
6.3601304219650745e-01 5.1638048025258332e-01 6.7160522881510087e-01 6.6154379096353511e-01
6.3500000000000001e-01 5.0000000000000000e-01 6.2967895423697973e-01 5.7769124180729303e-01
7.0999999999999996e-01 4.0000000000000002e-01 6.2269124180729296e-01 5.6371581694791928e-01
6.9832887554198331e-01 4.0121822161835280e-01 6.1570352937760608e-01 5.4974039208854564e-01
6.8694211140647143e-01 4.0484320519518280e-01 6.0871581694791921e-01 5.3576496722917200e-01
6.7611713963812370e-01 4.1078663006330057e-01 6.0172810451823233e-01 5.2178954236979824e-01
6.6611770452946528e-01 4.1890368804947820e-01 7.4715447154471548e-01 6.3541666666666663e-01
6.5718743664090995e-01 4.2899661164339203e-01 7.4323743918113838e-01 6.5036659289612242e-01
6.4954391688044799e-01 4.4081949249075225e-01 7.3249285224085481e-01 6.6147502610185238e-01
6.4337337526832949e-01 4.5408427281076957e-01 7.1768161102132488e-01 6.6588757302402535e-01
6.3882615354833094e-01 4.6846776376047311e-01 7.0260957241737665e-01 6.6247039741768421e-01
6.3601304219650745e-01 4.8361951974741668e-01 6.9114960712159668e-01 6.5210156757902837e-01
7.0999999999999996e-01 4.0000000000000002e-01 6.8624643713864208e-01 6.3744543026656664e-01
7.2171874999999996e-01 4.0000000000000002e-01 6.8915996790179523e-01 6.2226798729037203e-01
7.3343749999999996e-01 4.0000000000000002e-01 6.9914154634553038e-01 6.1046919376836140e-01
7.9000000000000004e-01 4.4000000000000000e-01 7.1362633279312537e-01 6.0508083609917807e-01
7.9000000000000004e-01 4.5562500000000000e-01 7.2889235529404584e-01 6.0748749224513476e-01
7.9000000000000004e-01 4.7125000000000000e-01 7.4101689757282396e-01 6.1707075428546321e-01
7.9000000000000004e-01 4.8687500000000000e-01 7.4688446970229072e-01 6.3136813286018745e-01
7.9000000000000004e-01 5.0249999999999995e-01 7.6878302845528446e-01 6.0492886178861782e-01
7.9000000000000004e-01 5.1812499999999995e-01 7.6878302845528446e-01 6.2055386178861782e-01
7.9000000000000004e-01 5.3374999999999995e-01 7.6878302845528446e-01 6.3617886178861782e-01
7.9000000000000004e-01 5.4937499999999995e-01 7.6878302845528446e-01 6.5180386178861782e-01
7.9000000000000004e-01 5.6499999999999995e-01 7.6878302845528446e-01 6.6590447154471544e-01
7.9000000000000004e-01 5.8062499999999995e-01 7.6617886178861783e-01 6.0416666666666663e-01
7.9000000000000004e-01 5.9624999999999995e-01 7.8180386178861783e-01 6.0416666666666663e-01
7.9000000000000004e-01 6.1187499999999995e-01 7.9742886178861783e-01 6.0416666666666663e-01
8.0142857142857149e-01 3.8571428571428573e-01 8.1305386178861783e-01 6.0416666666666663e-01
7.9886066259999222e-01 3.9293238125168745e-01 8.2715447154471544e-01 6.0416666666666663e-01
7.9231091337083615e-01 3.9690677981928529e-01 8.2975863821138207e-01 6.0492886178861782e-01
7.8472267654344607e-01 3.9585145011232442e-01 8.2975863821138207e-01 6.2055386178861782e-01
7.7950598467774268e-01 3.9024064046332912e-01 8.2975863821138207e-01 6.3617886178861782e-01
7.7900513586586173e-01 3.8259575920809757e-01 8.2975863821138207e-01 6.5180386178861782e-01
7.8344520357282021e-01 3.7635229400866077e-01 8.2975863821138207e-01 6.6590447154471544e-01
7.9083089221238534e-01 3.7431595851116700e-01 2.1875000000000000e-01 3.5416666666666663e-01
7.9784319114858859e-01 3.7740184939845978e-01 2.1875000000000000e-01 3.6979166666666663e-01
8.0133088512072015e-01 3.8422321654117475e-01 2.1875000000000000e-01 3.8541666666666663e-01
8.2999999999999996e-01 4.4000000000000000e-01 2.1875000000000000e-01 4.0104166666666663e-01
8.2999999999999996e-01 4.5562500000000000e-01 2.1875000000000000e-01 4.1666666666666663e-01
8.2999999999999996e-01 4.7125000000000000e-01 2.1875000000000000e-01 4.3229166666666663e-01
8.2999999999999996e-01 4.8687500000000000e-01 2.1875000000000000e-01 4.4791666666666663e-01
8.2999999999999996e-01 5.0249999999999995e-01 2.1875000000000000e-01 4.6354166666666663e-01
8.2999999999999996e-01 5.1812499999999995e-01 2.6000000000000001e-01 3.5416666666666663e-01
8.2999999999999996e-01 5.3374999999999995e-01 2.6000000000000001e-01 3.6979166666666663e-01
8.2999999999999996e-01 5.4937499999999995e-01 2.6000000000000001e-01 3.8541666666666663e-01
8.2999999999999996e-01 5.6499999999999995e-01 2.6000000000000001e-01 4.0104166666666663e-01
8.2999999999999996e-01 5.8062499999999995e-01 2.6595238095238094e-01 4.3452380952380948e-01
8.2999999999999996e-01 5.9624999999999995e-01 2.6152043908862388e-01 4.4027872950414387e-01
8.2999999999999996e-01 6.1187499999999995e-01 2.5482436201508346e-01 4.3746381130125050e-01
8.4142857142857141e-01 3.8571428571428573e-01 2.5583549549829598e-01 4.3027084100081819e-01
8.3886066259999215e-01 3.9293238125168745e-01 2.6304812784072523e-01 4.2941110420579404e-01
8.3231091337083607e-01 3.9690677981928529e-01 2.8794871794871796e-01 3.5416666666666663e-01
8.2472267654344600e-01 3.9585145011232442e-01 2.8794871794871796e-01 3.6979166666666663e-01
8.1950598467774260e-01 3.9024064046332912e-01 2.8794871794871796e-01 3.8541666666666663e-01
8.1900513586586166e-01 3.8259575920809757e-01 2.8794871794871796e-01 4.0104166666666663e-01
8.2344520357282014e-01 3.7635229400866077e-01 2.8794871794871796e-01 4.1666666666666663e-01
8.3083089221238526e-01 3.7431595851116700e-01 2.8794871794871796e-01 4.3229166666666663e-01
8.3784319114858852e-01 3.7740184939845978e-01 2.8794871794871796e-01 4.4791666666666663e-01
8.4133088512072007e-01 3.8422321654117475e-01 2.8875000000000001e-01 4.0104166666666663e-01
2.3437500000000000e-01 1.7999999999999999e-01 2.9979854345603979e-01 4.1209021012270641e-01
2.5000000000000000e-01 1.7999999999999999e-01 3.1084708691207963e-01 4.2313875357874625e-01
2.6562500000000000e-01 1.7999999999999999e-01 3.2189563036811941e-01 4.3418729703478603e-01
2.8125000000000000e-01 1.7999999999999999e-01 2.8875000000000001e-01 3.9393939393939392e-01
2.9687500000000000e-01 1.7999999999999999e-01 2.9979854345603979e-01 3.8289085048335414e-01
3.1250000000000000e-01 1.7999999999999999e-01 3.1084708691207963e-01 3.7184230702731430e-01
3.2812500000000000e-01 1.7999999999999999e-01 3.2189563036811941e-01 3.6079376357127452e-01
3.4375000000000000e-01 1.7999999999999999e-01 3.5211636178861788e-01 3.5492886178861782e-01
3.5937500000000000e-01 1.7999999999999999e-01 3.5211636178861788e-01 3.7055386178861782e-01
3.7500000000000000e-01 1.7999999999999999e-01 3.5211636178861788e-01 3.8617886178861782e-01
3.9062500000000000e-01 1.7999999999999999e-01 3.5211636178861788e-01 4.0180386178861782e-01
4.0625000000000000e-01 1.7999999999999999e-01 3.5211636178861788e-01 4.1590447154471544e-01
4.2187500000000000e-01 1.7999999999999999e-01 3.4951219512195120e-01 4.1666666666666663e-01
4.3750000000000000e-01 1.7999999999999999e-01 3.6513719512195120e-01 4.1666666666666663e-01
4.5312500000000000e-01 1.7999999999999999e-01 3.8076219512195120e-01 4.1666666666666663e-01
4.6875000000000000e-01 1.7999999999999999e-01 3.9638719512195120e-01 4.1666666666666663e-01
4.8437500000000000e-01 1.7999999999999999e-01 4.1048780487804881e-01 4.1666666666666663e-01
5.0000000000000000e-01 1.7999999999999999e-01 4.1309197154471550e-01 4.1666666666666663e-01
5.1562500000000000e-01 1.7999999999999999e-01 4.1309197154471550e-01 4.0104166666666663e-01
5.3125000000000000e-01 1.7999999999999999e-01 4.1309197154471550e-01 3.8541666666666663e-01
5.4687500000000000e-01 1.7999999999999999e-01 3.4951219512195120e-01 3.8541666666666663e-01
5.6250000000000000e-01 1.7999999999999999e-01 3.6513719512195120e-01 3.8541666666666663e-01
5.7812500000000000e-01 1.7999999999999999e-01 3.8076219512195120e-01 3.8541666666666663e-01
5.9375000000000000e-01 1.7999999999999999e-01 3.9638719512195120e-01 3.8541666666666663e-01
6.0937500000000000e-01 1.7999999999999999e-01 4.1048780487804881e-01 3.8541666666666663e-01
6.2500000000000000e-01 1.7999999999999999e-01 3.4951219512195120e-01 3.5416666666666663e-01
6.4062500000000000e-01 1.7999999999999999e-01 3.6513719512195120e-01 3.5416666666666663e-01
6.5625000000000000e-01 1.7999999999999999e-01 3.8076219512195120e-01 3.5416666666666663e-01
6.7187500000000000e-01 1.7999999999999999e-01 3.9638719512195120e-01 3.5416666666666663e-01
6.8750000000000000e-01 1.7999999999999999e-01 4.1048780487804881e-01 3.5416666666666663e-01
7.0312500000000000e-01 1.7999999999999999e-01 5.2000000000000002e-01 3.5416666666666663e-01
7.1875000000000000e-01 1.7999999999999999e-01 5.2000000000000002e-01 3.6979166666666663e-01
7.3437500000000000e-01 1.7999999999999999e-01 5.2000000000000002e-01 3.8541666666666663e-01
7.5000000000000000e-01 1.7999999999999999e-01 5.2000000000000002e-01 4.0104166666666663e-01
7.6562500000000000e-01 1.7999999999999999e-01 5.2000000000000002e-01 4.1666666666666663e-01
3.4375000000000000e-01 2.5000000000000000e-01 5.2000000000000002e-01 4.3229166666666663e-01
3.5937500000000000e-01 2.5000000000000000e-01 5.2000000000000002e-01 4.4791666666666663e-01
3.7500000000000000e-01 2.5000000000000000e-01 5.2000000000000002e-01 4.6354166666666663e-01
3.9062500000000000e-01 2.5000000000000000e-01 4.8875000000000002e-01 4.3055555555555552e-01
4.0625000000000000e-01 2.5000000000000000e-01 5.0437500000000002e-01 4.3055555555555552e-01
4.2187500000000000e-01 2.5000000000000000e-01 5.2000000000000002e-01 4.3055555555555552e-01
4.3750000000000000e-01 2.5000000000000000e-01 5.3562500000000002e-01 4.3055555555555552e-01
4.5312500000000000e-01 2.5000000000000000e-01 5.5125000000000002e-01 4.3055555555555552e-01
4.6875000000000000e-01 2.5000000000000000e-01 6.0048780487804887e-01 3.8541666666666663e-01
4.8437500000000000e-01 2.5000000000000000e-01 5.9657077251447177e-01 4.0036659289612236e-01
5.0000000000000000e-01 2.5000000000000000e-01 5.8582618557418820e-01 4.1147502610185238e-01
5.1562500000000000e-01 2.5000000000000000e-01 5.7101494435465827e-01 4.1588757302402535e-01
5.3125000000000000e-01 2.5000000000000000e-01 5.5594290575071004e-01 4.1247039741768415e-01
5.4687500000000000e-01 2.5000000000000000e-01 5.4448294045493006e-01 4.0210156757902837e-01
5.6250000000000000e-01 2.5000000000000000e-01 5.3957977047197558e-01 3.8744543026656669e-01
5.7812500000000000e-01 2.5000000000000000e-01 5.4249330123512862e-01 3.7226798729037208e-01
5.9375000000000000e-01 2.5000000000000000e-01 5.5247487967886377e-01 3.6046919376836145e-01
6.0937500000000000e-01 2.5000000000000000e-01 5.6695966612645876e-01 3.5508083609917807e-01
6.2500000000000000e-01 2.5000000000000000e-01 5.8222568862737922e-01 3.5748749224513482e-01
6.4062500000000000e-01 2.5000000000000000e-01 5.9435023090615746e-01 3.6707075428546315e-01
4.2187500000000000e-01 9.0000000000000002e-01 6.0021780303562411e-01 3.8136813286018745e-01
4.3750000000000000e-01 9.0000000000000002e-01 6.9508130081300812e-01 3.6145833333333338e-01
4.5312500000000000e-01 9.0000000000000002e-01 6.9263769759569793e-01 3.6580139323919769e-01
4.6875000000000000e-01 9.0000000000000002e-01 6.8765715095845159e-01 3.6596728845850296e-01
4.8437500000000000e-01 9.0000000000000002e-01 6.8492996174532916e-01 3.6179646059998338e-01
5.0000000000000000e-01 9.0000000000000002e-01 6.8707914661314395e-01 3.5730042118361582e-01
5.1562500000000000e-01 9.0000000000000002e-01 6.9203761477122983e-01 3.5680347092974474e-01
5.3125000000000000e-01 9.0000000000000002e-01 6.9503630050593734e-01 3.6078357769892017e-01
5.4687500000000000e-01 9.0000000000000002e-01 7.3508130081300815e-01 3.6145833333333338e-01
5.6250000000000000e-01 9.0000000000000002e-01 7.3263769759569797e-01 3.6580139323919769e-01
2.3437500000000000e-01 8.1999999999999995e-01 7.2765715095845163e-01 3.6596728845850296e-01
2.5000000000000000e-01 8.1999999999999995e-01 7.2492996174532920e-01 3.6179646059998338e-01
2.6562500000000000e-01 8.1999999999999995e-01 7.2707914661314399e-01 3.5730042118361582e-01
2.8125000000000000e-01 8.1999999999999995e-01 7.3203761477122986e-01 3.5680347092974474e-01
2.9687500000000000e-01 8.1999999999999995e-01 7.3503630050593738e-01 3.6078357769892017e-01
3.1250000000000000e-01 8.1999999999999995e-01 7.7508130081300819e-01 3.6145833333333338e-01
3.2812500000000000e-01 8.1999999999999995e-01 7.7263769759569800e-01 3.6580139323919769e-01
3.4375000000000000e-01 8.1999999999999995e-01 7.6765715095845166e-01 3.6596728845850296e-01
3.5937500000000000e-01 8.1999999999999995e-01 7.6492996174532923e-01 3.6179646059998338e-01
3.7500000000000000e-01 8.1999999999999995e-01 7.6707914661314403e-01 3.5730042118361582e-01
3.9062500000000000e-01 8.1999999999999995e-01 7.7203761477122990e-01 3.5680347092974474e-01
4.0625000000000000e-01 8.1999999999999995e-01 7.7503630050593741e-01 3.6078357769892017e-01
