
0.0000000000000000e+00 0.0000000000000000e+00 
-2.7125223303703699e+01 2.7909585385185167e+01 
-2.8534590408000000e+01 2.9402516344000016e+01 
-2.4707370495652174e+01 2.6022512391304353e+01 
-2.6208342636363636e+01 2.7691018709090898e+01 
-2.6319481860000007e+01 2.8392903590000000e+01 
-2.5538441284210531e+01 2.6643716799999996e+01 
-2.3384385699999996e+01 2.4213201788888885e+01 
-2.0995879317647063e+01 2.1454090505882359e+01 
-1.7796197775000003e+01 1.8971523425000004e+01 
-1.3971058146666667e+01 1.3797090333333331e+01 
-8.6859839333333362e+00 8.4753602933333365e+00 
-2.9979516285714283e+00 3.1951565857142867e+00 
2.7221478999999995e+00 -2.9388250571428558e+00 
8.2099845333333317e+00 -8.5048556933333330e+00 
1.4297231506666673e+01 -1.3733454840000000e+01 
1.8443470537500001e+01 -1.7421528350000003e+01 
2.1488719141176464e+01 -2.0897669317647054e+01 
2.3834901255555557e+01 -2.4259235000000004e+01 
2.5548980168421053e+01 -2.6108274536842114e+01 
2.7670071479999987e+01 -2.7170288269999997e+01 
2.8059195363636363e+01 -2.6114838700000007e+01 
2.8578529460869571e+01 -2.6956630434782625e+01 
2.8906632591999994e+01 -2.3834565111999986e+01 
2.7241153874074072e+01 -2.2478252837037040e+01 
2.5248545641379319e+01 -2.1174396310344832e+01 
2.3487461941935489e+01 -2.0070822103225808e+01 
2.3114167931249998e+01 -1.8200463637500000e+01 
2.1515885535294128e+01 -1.6147423600000003e+01 
1.9360473883333334e+01 -1.3720552788888888e+01 
1.8335421437837830e+01 -1.1590254189189194e+01 
1.6216787558974364e+01 -9.3067408666666651e+00 
1.5017899905000002e+01 -6.8078464200000006e+00 
1.3377353595121948e+01 -4.5039657560975588e+00 
1.1563912461904764e+01 -2.3743072333333326e+00 
9.8224572666666674e+00 -1.6025022857142873e-01 
7.6033131720930234e+00 1.6410719395348843e+00 
5.4309844558139506e+00 3.4077651534883739e+00 
3.0586878046511630e+00 5.0337602511627919e+00 
1.2112587999999997e+00 7.0431872558139528e+00 
-4.9768998095238098e-01 9.2863340285714280e+00 
-2.2025580952380941e+00 1.1406093800000001e+01 
-3.6329143073170722e+00 1.3986490297560978e+01 
-4.9600130150000021e+00 1.6522319834999994e+01 
-6.8508320717948710e+00 1.8442994200000005e+01 
-9.2509659891891882e+00 2.0368246972972969e+01 
-1.1425678488888888e+01 2.1679215866666674e+01 
-1.3677162041176473e+01 2.3538631035294109e+01 
-1.5328070037500003e+01 2.5519474049999978e+01 
-1.6865349090322578e+01 2.6645370935483875e+01 
-1.9345609758620693e+01 2.7683037917241389e+01 
-2.1606946392592587e+01 2.8383425318518508e+01 
-2.3328722215999992e+01 2.8976458944000008e+01 
-2.4435461078260857e+01 2.9894039434782606e+01 
-2.3993105000000007e+01 3.0383428427272730e+01 
-2.3677268449999996e+01 3.1417808749999992e+01 
-2.1886749189473683e+01 3.0165839378947357e+01 
-1.9928847366666670e+01 2.8004404488888895e+01 
-1.7897893070588232e+01 2.5044757011764709e+01 
-1.3895230912500001e+01 2.1798045899999998e+01 
-1.0670704373333335e+01 1.7925788173333341e+01 
-5.7636220666666658e+00 1.1533330400000001e+01 
2.5226585714285679e-02 6.4999498142857126e+00 
5.4252866285714294e+00 -3.7461762857142866e-01 
1.1645932413333332e+01 -6.4333103733333328e+00 
1.6280676426666666e+01 -1.1753815146666668e+01 
1.9993579175000004e+01 -1.6464959837500000e+01 
2.2971216670588237e+01 -1.9874735294117645e+01 
2.4230342322222217e+01 -2.2886284011111112e+01 
2.7551065873684198e+01 -2.4266336368421051e+01 
2.9030383940000011e+01 -2.5774001239999997e+01 
2.8289120400000005e+01 -2.5517831790909089e+01 
2.8961441286956507e+01 -2.5935297582608694e+01 
2.7561928880000004e+01 -2.5401700928000011e+01 
2.6228399955555560e+01 -2.3680199133333335e+01 
2.4154030813793103e+01 -2.2730907303448284e+01 
2.3638002070967751e+01 -1.9993285406451612e+01 
2.3423743437499994e+01 -1.8005444775000008e+01 
2.1812756594117648e+01 -1.5566652582352930e+01 
1.9650125488888897e+01 -1.3528970238888888e+01 
1.8169086232432424e+01 -1.1819029070270272e+01 
1.6212612010256407e+01 -9.1079620205128187e+00 
1.4726634480000007e+01 -7.0655049050000001e+00 
1.2999716912195126e+01 -4.9772559414634125e+00 
1.1104073523809522e+01 -2.5740330714285724e+00 
9.3574225523809460e+00 -6.0404795238095255e-01 
7.3609400465116224e+00 1.3666427953488378e+00 
5.2510486046511637e+00 3.2838129302325600e+00 
3.0671640093023247e+00 5.0370953023255804e+00 
9.0549337209302327e-01 6.6685353627907018e+00 
-1.6240200190476186e+00 8.2984831999999980e+00 
-3.8993930619047643e+00 9.8388674571428609e+00 
-6.3168348585365806e+00 1.1411178751219509e+01 
-8.3918908149999965e+00 1.3145714214999996e+01 
-1.0314456589743587e+01 1.5067181158974362e+01 
-1.2273070610810802e+01 1.7392815854054053e+01 
-1.4137634400000005e+01 1.9114736299999990e+01 
-1.5788597982352945e+01 2.1215719064705880e+01 
-1.8002556062500009e+01 2.3138831612500002e+01 
-1.9012974838709681e+01 2.4311989232258060e+01 
-2.0713568799999994e+01 2.6335475827586222e+01 
-2.1762538674074076e+01 2.8271281829629629e+01 
-2.2745474119999997e+01 2.9436984495999994e+01 
-2.4716082443478271e+01 2.9854090460869557e+01 
-2.4898135863636369e+01 2.9433328209090909e+01 
-2.4784109680000007e+01 2.9524328500000003e+01 
-2.3341814599999999e+01 2.8887374600000008e+01 
-2.1174171344444453e+01 2.6481794244444433e+01 
-1.9218102082352946e+01 2.3903356200000012e+01 
-1.6438091062500007e+01 2.0116763412499999e+01 
-1.3078693386666666e+01 1.5013955146666667e+01 
-7.5120235466666694e+00 9.3832107066666666e+00 
-2.2249725285714290e+00 4.4313651142857156e+00 
4.2424511714285691e+00 -1.5102335428571423e+00 
1.0329499600000000e+01 -6.6412274933333322e+00 
1.5208697639999997e+01 -1.2100624253333335e+01 
2.0588792124999994e+01 -1.6371975625000001e+01 
2.3000473999999997e+01 -1.9727291741176472e+01 
2.5563146133333330e+01 -2.2084122011111109e+01 
2.8756155000000007e+01 -2.3445608536842098e+01 
2.9702145009999999e+01 -2.5731992149999996e+01 
3.0275062836363634e+01 -2.3972189090909094e+01 
3.0527157739130427e+01 -2.4213447139130444e+01 
2.9895654552000000e+01 -2.3606450736000003e+01 
2.7378222703703706e+01 -2.2191764688888888e+01 
2.6922318006896546e+01 -2.0067918027586202e+01 
2.6324365774193552e+01 -1.6952061883870975e+01 
2.4793057206249983e+01 -1.6481471749999994e+01 
2.2514657505882354e+01 -1.4829851047058819e+01 
2.0553515944444445e+01 -1.2737842105555556e+01 
1.8659043054054049e+01 -1.1251540600000004e+01 
1.6653432266666670e+01 -8.8565517179487223e+00 
1.5451608060000002e+01 -6.3610306450000023e+00 
1.3554028609756095e+01 -4.2467068536585355e+00 
1.0993116676190480e+01 -2.8196018809523831e+00 
8.9214776047619058e+00 -1.1236500428571428e+00 
6.6500602837209311e+00 6.6997844651162797e-01 
4.3562397720930219e+00 2.3477317813953484e+00 
2.2369949999999985e+00 4.0207478930232528e+00 
1.9866648372093029e-01 6.0027828418604585e+00 
-1.9396053857142852e+00 7.9102496095238166e+00 
-4.2428688714285663e+00 9.4169881523809629e+00 
-6.2673960048780497e+00 1.1257120151219516e+01 
-7.9980950600000007e+00 1.3512475215000009e+01 
-9.6449796820512859e+00 1.5812087117948721e+01 
-1.1687499064864863e+01 1.7879172281081079e+01 
-1.4077877144444445e+01 1.9204613566666673e+01 
-1.6712400605882351e+01 2.0390834117647071e+01 
-1.8856094549999998e+01 2.2141644306249994e+01 
-1.9882733554838701e+01 2.3385685451612897e+01 