1.5000000000000000e+00
1.5029296452633312e+00
1.5058590371110341e+00
1.5087879221494005e+00
1.5117160470285618e+00
1.5146431584644033e+00
1.5175690032604738e+00
1.5204933283298872e+00
1.5234158807172140e+00
1.5263364076203625e+00
1.5292546564124465e+00
1.5321703746636377e+00
1.5350833101630001e+00
1.5379932109403074e+00
1.5408998252878379e+00
1.5438029017821475e+00
1.5467021893058186e+00
1.5495974370691807e+00
1.5524883946320041e+00
1.5553748119251640e+00
1.5582564392722709e+00
1.5611330274112674e+00
1.5640043275159898e+00
1.5668700912176923e+00
1.5697300706265302e+00
1.5725840183530024e+00
1.5754316875293515e+00
1.5782728318309169e+00
1.5811072054974435e+00
1.5839345633543385e+00
1.5867546608338796e+00
1.5895672539963710e+00
1.5923720995512434e+00
1.5951689548780990e+00
1.5979575780476980e+00
1.6007377278428869e+00
1.6035091637794616e+00
1.6062716461269717e+00
1.6090249359294557e+00
1.6117687950261117e+00
1.6145029860718976e+00
1.6172272725580625e+00
1.6199414188326042e+00
1.6226451901206533e+00
1.6253383525447815e+00
1.6280206731452320e+00
1.6306919199000702e+00
1.6333518617452547e+00
1.6360002685946233e+00
1.6386369113597967e+00
1.6412615619699937e+00
1.6438739933917601e+00
1.6464739796486065e+00
1.6490612958405571e+00
1.6516357181636006e+00
1.6541970239290527e+00
1.6567449915828161e+00
1.6592794007245470e+00
1.6618000321267186e+00
1.6643066677535847e+00
1.6667990907800396e+00
1.6692770856103749e+00
1.6717404378969265e+00
1.6741889345586178e+00
1.6766223637993898e+00
1.6790405151265224e+00
1.6814431793688420e+00
1.6838301486948146e+00
1.6862012166305236e+00
1.6885561780775296e+00
1.6908948293306119e+00
1.6932169680953886e+00
1.6955223935058161e+00
1.6982376231347449e+00
1.7009234483683628e+00
1.7035796954230409e+00
1.7062061965942277e+00
1.7088027902095275e+00
1.7113693205812337e+00
1.7139056379583337e+00
1.7164115984780122e+00
1.7188870641166669e+00
1.7213319026404656e+00
1.7237459875554553e+00
1.7261321605530622e+00
1.7284895633713662e+00
1.7308180006236868e+00
1.7331172814609757e+00
1.7353872195668643e+00
1.7376276331521028e+00
1.7398383449483961e+00
1.7420191822016446e+00
1.7441699766645968e+00
1.7465703031481288e+00
1.7489296370716281e+00
1.7512478541394458e+00
1.7535248384533659e+00
1.7557604824290958e+00
1.7579546867120759e+00
1.7601073600926407e+00
1.7622184194205683e+00
1.7642877895190530e+00
1.7663154030981341e+00
1.7683012006676155e+00
1.7702451304495082e+00
1.7721471482900273e+00
1.7740072175711785e+00
1.7758253091219622e+00
1.7776014011292278e+00
1.7793354790482077e+00
1.7810275355127603e+00
1.7826775702453550e+00
1.7842855899668211e+00
1.7858516083058960e+00
1.7873756457085954e+00
1.7888577293474346e+00
1.7902978930305289e+00
1.7916961771105946e+00
1.7930526283938835e+00
1.7943673000490681e+00
1.7956402515161094e+00
1.7968715484151256e+00
1.7980612624552892e+00
1.7994214195750202e+00
1.8007210533275197e+00
1.8019605928268032e+00
1.8031404767711081e+00
1.8042611530540722e+00
1.8053230783824783e+00
1.8063267179005684e+00
1.8072725448209255e+00
1.8081610400619190e+00
1.8089926918917067e+00
1.8097679955787744e+00
1.8104874530490018e+00
1.8111515725492326e+00
1.8117608683173232e+00
1.8123158602586440e+00
1.8128170736290039e+00
1.8132650387239628e+00
1.8136602905744965e+00
1.8140033686489754e+00
1.8142948165614146e+00
1.8145351817859525e+00
1.8147250153775114e+00
1.8148648716985889e+00
1.8149553081521346e+00
1.8149968849204541e+00
1.8149901647100897e+00
1.8149999999999999e+00
1.4970703547366688e+00
1.4941409628889659e+00
1.4912120778505995e+00
1.4882839529714382e+00
1.4853568415355967e+00
1.4824309967395262e+00
1.4795066716701128e+00
1.4765841192827860e+00
1.4736635923796375e+00
1.4707453435875535e+00
1.4678296253363623e+00
1.4649166898369999e+00
1.4620067890596926e+00
1.4591001747121621e+00
1.4561970982178525e+00
1.4532978106941814e+00
1.4504025629308193e+00
1.4475116053679959e+00
1.4446251880748360e+00
1.4417435607277291e+00
1.4388669725887326e+00
1.4359956724840102e+00
1.4331299087823077e+00
1.4302699293734698e+00
1.4274159816469976e+00
1.4245683124706485e+00
1.4217271681690831e+00
1.4188927945025565e+00
1.4160654366456615e+00
1.4132453391661204e+00
1.4104327460036290e+00
1.4076279004487566e+00
1.4048310451219010e+00
1.4020424219523020e+00
1.3992622721571131e+00
1.3964908362205384e+00
1.3937283538730283e+00
1.3909750640705443e+00
1.3882312049738883e+00
1.3854970139281024e+00
1.3827727274419375e+00
1.3800585811673958e+00
1.3773548098793467e+00
1.3746616474552185e+00
1.3719793268547680e+00
1.3693080800999298e+00
1.3666481382547453e+00
1.3639997314053767e+00
1.3613630886402033e+00
1.3587384380300063e+00
1.3561260066082399e+00
1.3535260203513935e+00
1.3509387041594429e+00
1.3483642818363994e+00
1.3458029760709473e+00
1.3432550084171839e+00
1.3407205992754530e+00
1.3381999678732814e+00
1.3356933322464153e+00
1.3332009092199604e+00
1.3307229143896251e+00
1.3282595621030735e+00
1.3258110654413822e+00
1.3233776362006102e+00
1.3209594848734776e+00
1.3185568206311580e+00
1.3161698513051854e+00
1.3137987833694764e+00
1.3114438219224704e+00
1.3091051706693881e+00
1.3067830319046114e+00
1.3044776064941839e+00
1.3017623768652551e+00
1.2990765516316372e+00
1.2964203045769591e+00
1.2937938034057723e+00
1.2911972097904725e+00
1.2886306794187663e+00
1.2860943620416663e+00
1.2835884015219878e+00
1.2811129358833331e+00
1.2786680973595344e+00
1.2762540124445447e+00
1.2738678394469378e+00
1.2715104366286338e+00
1.2691819993763132e+00
1.2668827185390243e+00
1.2646127804331357e+00
1.2623723668478972e+00
1.2601616550516039e+00
1.2579808177983554e+00
1.2558300233354032e+00
1.2534296968518712e+00
1.2510703629283719e+00
1.2487521458605542e+00
1.2464751615466341e+00
1.2442395175709042e+00
1.2420453132879241e+00
1.2398926399073593e+00
1.2377815805794317e+00
1.2357122104809470e+00
1.2336845969018659e+00
1.2316987993323845e+00
1.2297548695504918e+00
1.2278528517099727e+00
1.2259927824288215e+00
1.2241746908780378e+00
1.2223985988707722e+00
1.2206645209517923e+00
1.2189724644872397e+00
1.2173224297546450e+00
1.2157144100331789e+00
1.2141483916941040e+00
1.2126243542914046e+00
1.2111422706525654e+00
1.2097021069694711e+00
1.2083038228894054e+00
1.2069473716061165e+00
1.2056326999509319e+00
1.2043597484838906e+00
1.2031284515848744e+00
1.2019387375447108e+00
1.2005785804249798e+00
1.1992789466724803e+00
1.1980394071731968e+00
1.1968595232288919e+00
1.1957388469459278e+00
1.1946769216175217e+00
1.1936732820994316e+00
1.1927274551790745e+00
1.1918389599380810e+00
1.1910073081082933e+00
1.1902320044212256e+00
1.1895125469509982e+00
1.1888484274507674e+00
1.1882391316826768e+00
1.1876841397413560e+00
1.1871829263709961e+00
1.1867349612760372e+00
1.1863397094255035e+00
1.1859966313510246e+00
1.1857051834385854e+00
1.1854648182140475e+00
1.1852749846224886e+00
1.1851351283014111e+00
1.1850446918478654e+00
1.1850031150795459e+00
1.1850098352899103e+00
1.1850000000000001e+00
